city_non_street_list
-1210.620361 -784.160217 16.549015 city_non_street
-1342.185913 -1280.013428 4.443256 city_non_street
-814.432800 -1085.986938 10.567306 city_non_street
89.320786 -1392.317627 28.800083 city_non_street
116.223175 6606.201660 31.462461 city_non_street
1173.452271 2661.584717 37.289780 city_non_street
-370.533752 -130.402649 38.197617 city_non_street
-701.829956 -921.928772 18.589094 city_non_street
709.295471 -1081.996216 21.975765 city_non_street
57.513451 -1389.658691 28.968079 city_non_street
-1135.707275 -1987.154175 12.976217 city_non_street
1704.671997 3748.880615 33.286053 city_non_street
-1108.600830 2685.694092 18.177374 city_non_street
-3155.888672 1073.844482 20.188726 city_non_street
2571.371826 313.879608 107.970573 city_non_street
235.666794 -42.263149 69.221313 city_non_street
-1328.592896 -387.114410 36.126881 city_non_street
-665.232727 -952.522522 20.866556 city_non_street
17.377790 -1122.183105 28.469843 city_non_street
814.442017 -2130.448486 28.867798 city_non_street
-285.910400 6202.941895 30.626459 city_non_street
1853.771851 3746.440918 32.395195 city_non_street
-2344.373 3267.498 32.811 city_non_street
-365.425 -131.809 37.873 city_non_street
-2243.810 264.048 174.615 city_non_street
486.417 -3339.692 6.070 city_non_street
-1850.127 -1231.751 13.017 city_non_street
-1475.234 167.088 55.841 city_non_street
2535.243 -383.799 92.993 city_non_street
-1374.881 -1398.835 6.141 city_non_street
718.341 -1218.714 26.014 city_non_street
-1696.866 142.747 64.372 city_non_street
711.362 1198.134 348.526 city_non_street
-3022.222 39.968 13.611 city_non_street
1070.206 -711.958 58.483 city_non_street
-163.362 -2385.161 5.999 city_non_street
300.5927 199.7589 104.377 city_non_street
2469.030 4955.278 45.118 city_non_street
-1048 -2727.5 13.921 city_non_street
-1038.2 -2737.2 20.5 city_non_street
869.467 -2923 6 city_non_street
928.5 -2984.6 6 city_non_street
-3170 1108.7 21 city_non_street
-2055.3 3138.8 32.8 city_non_street
-174.5 6249 31.6 city_non_street

wild_list
450.718 5566.614 806.183 wild
-1170.841 4926.646 224.295 wild
205.316 1167.378 227.005 wild
2476.712 3789.645 41.226 wild
-595.342 2086.008 131.412 wild
2208.777 5578.235 53.735 wild
2062.123 2942.055 47.431 wild
2954.196 2783.410 41.004 wild
3059.620 5564.246 197.091 wild
1660.369 -12.013 170.020 wild
2877.633 5911.078 369.624 wild
532.130 4526.187 89.793 wild
1020.518 663.270 153.516 wild
474 5619 787.7 wild
1953 4853 45.6 wild
2006 3864 33.4 wild
1360 -2095 52 wild
1457.7 -2006 67 wild
1504.6 -2138.5 76.7 wild
1430.25 -2297 66.9 wild
2308.3 1845.4 105.1 wild
2286.5 1766.5 80 wild
2314.3 1649.7 55.5 wild

coast_list
24.775 7644.102 19.055 coast
-1006.402 6272.383 1.503 coast
126.975 3714.419 46.827 coast
2085 3900 32 coast
-372.58 6521.2 1.5 coast
-192.1 6694.5 1.3 coast
1033.75 -2673.39 2.5 coast
1268.2 -2735.69 1.5 coast

roof_list
22.153 -1072.854 29.797 roof
2441.216 4968.585 51.707 roof
134.085 -637.859 262.851 roof
-75.015 -818.215 326.176 roof
-438.804 1076.097 352.411 roof
-275.522 6635.835 7.425 roof
-324.300 -1968.545 67.002 roof
-2639.872 1866.812 160.135 roof
736.153 2583.143 79.634 roof
-543.932 -2225.543 122.366 roof
-889.655 -853.499 20.566 roof
-144.274 -946.813 269.135 roof
-1572.187 -570.831 109.987 roof
-676.127 588.612 145.169 roof
-117.220 -620.938 206.139 roof
-3175.39 1075.1 25.5 roof
175.43 -3130.9 35.5 roof

special_list
1205.028442 -3089.802490 5.374923 special
-1070.906250 -2972.122803 13.773568 special
2124.625732 4805.270020 40.479958 special
-2358.132 3249.754 101.451 special
-3426.683 967.738 8.347 special
-517.869 4425.284 89.795 special
2395.096 3049.616 60.053 special
2026.677 1842.684 133.313 special
2732.931 1577.540 83.671 special
899.678 -2882.191 19.013 special
-1696.866 142.747 64.372 special
-549.467 5308.221 114.146 special
3430.155 5174.196 41.280 special
-1326.47 -3053.8 13.95 special
344.9 -2722 39.3 special

indoor_list
-109.299 6464.035 31.627 indoor
436.491 -982.172 30.699 indoor
1391.773 3608.716 38.942 indoor
-1150.703 -1520.713 10.633 indoor
-1150.703 -1520.713 10.633 indoor
135.733 -749.216 258.152 indoor
971.245 -1620.993 30.111 indoor
228.605 -992.053 -99.999 indoor
-35.312 -580.419 88.712 indoor
-773.407 341.766 211.397 indoor
110.400 -744.200 45.749 indoor
-809.668945 180.517288 72.153145 indoor
-800.651550 183.449112 72.611801 indoor
-7.264420 514.619080 174.641983 indoor
-3.475826 529.092712 174.999756 indoor
2.741257 530.051636 170.634262 indoor
127.5 -1285.6 29.3 indoor
113.2 -1290.6 28.3 indoor