-937.506,-1.00781,44.75
-966.377,-340.879,37.5
-655.09,-345.758,34.625
-608.274,-148.921,38.875
-686.672,-97.0156,37.75
-683.387,-56.2578,37.75
-319.238,109.908,67.25
-203.512,-49.0039,50.5
-336.797,-283.617,31.875
-882.793,-299.078,39.375
-1384.27,-190.883,46.5
-1359.42,-356.084,36.5
-1418.26,-540.476,31.125
-1754.88,-326.724,45.75
-1730.7,-446.078,42.375
-1755.11,-417.312,43.375
-1893.02,-428.504,45.875
-1854.01,-420.838,45.375
-1500.79,-442.203,35.625
-1563.73,-317.805,47.125
-1922.85,-369.188,48.875
-1934.26,-227.254,35.875
-1596.92,-103.282,57.625
-1586.24,-391.398,43.75
-500.676,-74.8379,39.125
-736.673,74.4688,54.75
-1335.02,-75.7226,49.5
-1428.34,-130.768,49.5
-1311.76,-368.758,36.5
-1138.71,-295.34,37.5
-1126.89,243.418,65.625
-1421.59,268.328,60.5
-1601.91,222.844,59.125
-1637.51,202.246,60.5
-1688.51,12.1074,64.5
-1688.01,277.332,61.75
-1582.68,-298.592,49.25
-1391.01,-83.5117,52.5
-1607.18,-562.42,34.125
-1737.03,-473.719,40.25
-1346.6,-38.0078,50.75
-1310.01,-532.803,32.75
-1581.41,-300.805,49.125
-1489.94,-146.699,52
-1459.57,-272.766,47.625
-899.172,255.486,70.625
-992.062,-241.125,37.5
-650.363,-447.117,34.625
-1008.14,-305.928,37.75
-1051.06,-416.545,39.5
-1933.76,-438.768,28.25
-1654.22,-314.803,50.375
-1412.51,-547.016,30.625
-1414.51,-430.816,36
-1397.02,-276.99,43.25
-1499.91,-285.668,49.5
-1270.72,240.971,61.125
-1568.51,250.156,58.875
-388.006,-226.836,36.125
-5.00781,-249.836,46.75
234.23,-700.188,36.125
107.354,-503.457,43.125
679.344,-397.821,41.5
379.852,-261.754,53.75
283.383,-263.203,54
175.992,-216.896,54
327.379,-290.937,53.75
103.988,-322.602,45.625
330.898,-778.902,29.25
-54.1719,-963.516,29.25
75.9219,-602.832,44
124.492,-51.5117,67.5
82.7461,-583.277,43.875
260.637,-170.712,59.25
295.496,-360.762,45.125
112.434,-598.851,44
161.396,-671.406,42.625
171.205,-1618.51,29.25
-294.672,-1287.34,30.875
-207.957,-1050.76,29.25
-242.766,-956.516,31
-155.757,-752.898,33.5
100.328,-1066.01,29.25
54.0781,-963.602,29.25
-251.23,-1009.94,29
-398.641,-1137.49,29.5
-245.559,-998.686,29
-362.991,-861.633,31.375
-557.988,-700.023,33
-528.891,-643.532,33.125
55.8301,-766.051,44
-540.059,-106.949,39.375
-182.441,-669.646,34
-331.172,-175.495,39
-552.312,-227.781,37.5
-397.468,-58.7891,44.875
-904.438,-105.863,37.875
-821.012,-325.008,37.25
-594.008,-330.672,34.75
-946.516,-496.344,36.625
-936.906,-295.303,39.25
-544.609,-307.406,35
-633.328,-315.572,34.75
-415.606,-51.7773,44.625
-579.308,-390.688,34.75
-598.008,-383.188,34.75
-164.973,-343.207,34.5
285.164,-464.168,43
-386.336,-20.5117,46.75
-760.906,162.797,67.125
-1002.84,-327.008,37.625
-885.266,-76.082,37.625
-819.379,8.99219,42.5
-1199.02,-89.5859,41.125
-1306.42,-371.047,36.5
-933.838,-55.0078,39.625
-1705.19,254.535,62.25
-1193.92,-140.336,40.125
-1088.93,-374.273,36.625
-1799.72,-279.668,42.625
-1375.57,-198.031,45.375
-1799.67,-538.008,31.875
-1454.01,81.375,52.25
-1406.42,-147.254,47.625
-1633.07,-40.7422,59.25
-1389.61,-585.007,30
-1522.07,-459.164,35.25
-1463.71,-210.791,49
-1349.71,-348.277,36.5
-1052.38,-251.133,37.75
-1344.46,-75.5469,50.125
-1070.93,-189.09,37.75
-1214.42,-445.936,33.5
-1215.91,-319.613,37.5
-935.828,-362.262,38.75
-743.609,-107.707,37.75
-617.594,-277.094,38.75
-652.215,-451.609,34.75
-631.594,-244.32,38.125
-655.09,-345.758,34.625
-644.633,-127.344,37.75
-474.648,-135.312,38.625
-588.578,-225.254,36.5
-650.188,-503.68,34.625
-652.852,-728.661,27.625
-541.508,-735.512,32.75
-214.855,-1039.84,30
79.7422,-1103.51,29.25
16.8027,-1480.02,30.125
-191.303,-1604.5,34
-11.9531,-1470.44,30.5
371.375,-1776.95,29.125
421.496,-1799.5,28.375
221.496,-1637.09,29.125
121.953,-1647.26,29.25
252.246,-1718.26,29.125
-147.572,-1574.58,34.375
34.0312,-1561.68,29.25
198.094,-1440.51,29.25
522.832,-1711.53,29.125
575.367,-1569.13,28.375
374.156,-1580.92,29.25
370.164,-1714.51,29.25
225.148,-1584.84,29.25
428.305,-1784.21,28.625
271.342,-1694.57,29.125
323.678,-1603.3,32.5
-119.277,-1260.21,29.25
-87.0811,-1243.71,29
-242.805,-683.703,33.125
-170.008,-675.168,34.25
-126.379,-783.383,32.625
-274.676,-679.094,33.25
-294.289,-642.148,33
-242.008,-808.006,30.75
-87.8047,-669.406,35.375
52.7539,-660.808,44
94.4385,-675.359,44
314.27,-728.305,29.25
193.195,-708.797,47
81.1934,-749.502,45.625
78.7988,-1031,29.25
111.062,-1138.85,29.25
98.1914,-807.109,31.25
229.414,-818.879,30.25
-130.508,-783.004,32.5
299.242,-1290.13,30.25
161.234,-1356.26,29.25
206.076,-1357.25,29.25
193.141,-900.454,31
137.703,-719.795,47
-70.6973,-628.848,36.25
-155.102,-853.711,30
-189.292,-531.65,34.5
45.3164,-301.418,47.375
-68.873,-496.838,40.25
-51.5078,-462.914,40.25
57.1709,-654.867,44
-285.441,-679.938,33.25
-58.0039,-483.508,40.25
-263.344,-225.516,36.25
-293.512,-49.0039,48.75
-425.859,-17.0234,46.125
-568.016,-25.3359,43.75
-659.846,60.1572,44.875
-534.821,145.156,63.125
-473.711,24.4961,45.25
-500.008,28.332,44.75
-400.938,137.498,65.25
-588.344,142.992,60.75
-300.504,-136.016,43.5
-591.343,-299.2,35
-368.943,-334.765,31.625
-512.23,-245.515,35.5
-767.54,-151.25,37.375
-816.949,-38.4414,37.75
-452.836,116.816,64.375
-160.676,-64.8379,53.375
-181.219,-52.9375,51.875
-365.016,-217.52,36.75
-367.141,9.26465,46.75
-441.672,-101.352,39.625
-689.008,-31.0078,37.875
-596.316,-114.96,42.5
-526.629,-131.629,38.75
-459.273,-161.516,37.875
-400.938,137.498,65.25
-183.464,128.281,69.75
-170.008,-57.1406,52.625
11.4004,28.6719,70.75
-71.6484,-19.7783,67.5
86.3281,-288.922,46.5
-29.6055,-380.203,39.5
-162.973,-332.023,35.875
-74.0078,-158.008,54.875
202.849,-263.953,51
395.756,-215.531,57.25
265.094,-165.551,60.625
-79.5039,-553.836,39.125
-8.83594,-282.023,47.125
130.949,-303.703,45.125
29.2695,-63.1562,63.25
-299.172,-296.344,30.5
-303.318,-227.004,36.125
-107.075,-158.493,53
-150.504,-405.254,33.5
-265.508,-355.512,30.125
-596.006,-178.811,37.75
-425.078,-186.809,36.75
-653.09,-389.65,34.75
-898.98,-520.656,35.125
-1036.33,-241.516,37.75
-1261.34,-486.656,33.25
-1443.47,-212.143,48.25
-1623.3,-448.016,38.625
-1587.77,-294.514,50
-1744.21,-374.812,46
-1667.08,-620.001,33.125
-1764.58,-432.014,42.25
-1577.02,-623.121,30.25
-1771.8,-436.219,41.875
-1934.26,-227.254,35.875
-1376.26,-537.383,30
-1272.18,-615.012,27
-1061.36,-442.695,36.5
289.484,-266.873,54
152.992,-208.836,54.25
-145.777,-288.683,40.375
594.969,-1451.19,29.75
285.57,-1406.93,29.875
-291.168,-1406.84,31.25
149.184,-1426.34,29.25
-160.344,-1520.08,33.75
-356.482,-1116.41,28.375
-194.879,-1017.38,29.25
163.387,-716.203,47
76.0635,-701.226,44
221.496,-1637.09,29.125
143.896,-1629.3,29
353.634,-1575.65,29.25
284.375,-944.203,29.25
-85.3613,-554.56,39
295.719,-112.949,69.625
4.66406,-73.0039,60.75
-58.709,19.1699,72
-477.012,-277.578,35.5
-821.209,-32.0518,38.25
-1201.17,-313.188,37.75
-934.756,-112.004,37.75
-1092.3,-190.148,37.875
-923.556,-18.0352,42.25
-618.508,115.988,58.375
-610.739,-137.896,39
-769.109,-139.957,37.625
-687.373,-0.789062,38.25
-829.879,-15.875,40.125
-812.172,-97.0078,37.5
-744.023,-319.953,36.25
-144.02,-683.605,34.625
47.7266,-730.258,44.25
147.145,-791.933,31
23.4199,-1703.5,29.25
-148.145,-1527.72,34.25
-301.016,-1868.7,26.25
590.781,-1422.41,29.75
861.109,-1771.54,29.25
1085.18,-1883.14,36
932.351,-1979.03,30
802.746,-2005.76,29.25
882.219,-1741.19,29.75
854.665,-1731.12,29.25
193.984,-808.6,31
174.742,-918.004,30.5
-34.3438,-1014.85,28.875
180.945,-950.146,30
390.984,-990.531,29.25
140.805,-958.305,29.5
170.754,-1004.47,29.25
149.328,-794.008,31
444.658,-944.197,28.625
531.574,-1046.08,37.25
491.656,-973.797,27.375
-865.254,-173.383,37.75
-1043.51,-216.516,37.75
-1147.41,-117.25,39.25
-1950.55,-375.252,47.625
-1802.88,-281.156,42.5
-1746.73,-329.772,46.125
-944.406,-363.406,38.75
-256.522,-118.663,45.875
-737.51,89.1914,55.5
-635.742,23.1406,39.875
-219.783,-503.858,34.625
-358.305,-409,30.375
194.264,-1146.23,29.25
301.139,-1539.88,29.25
186.783,-1316.59,29.25
471.869,-1591.56,29.125
323.25,-1539.43,29.25
141.756,-1557.39,29.125
118.455,-1405.83,29.25
666.496,-1718.83,29.25
1029.48,-1747.34,35.5
1045.19,-1744.8,35.5
681.34,-1450.11,30.875
574.551,-1645.74,26.5
611.961,-2066.88,29.25
418.809,-1861.57,26.875
353.246,-1801.01,28.625
673.496,-1422.75,30.875
391.578,-1112.27,29.25
507.938,-1023.31,36.5
162.984,-451.207,41
0.498047,-411.641,39.25
-106.656,-150.336,54.625
142.895,-306.953,44.875
263.305,-212.389,53.75
304.906,-359.43,45.125
10.8096,-372.391,40
-80.2461,-71.3154,58.5
91.1914,-24.1016,68
-4.60156,-100.172,57.375
237.828,-243.836,53.75
16.332,-157.672,55.875
131.344,-439.51,41
12.625,-370.029,40.25
96.9531,-191.07,54.75
1.16406,-292.008,47
-419.539,112.496,65
-581.75,-273.998,35.25
-1949.32,-352.818,46.875
-1510.51,-448.793,35.5
-1627,-576.016,33.25
-1655.58,-542.506,34.375
-1450.27,-483.781,34.375
-1504.62,-226.207,51
-1710.02,-380.512,47.125
-1498.18,-615.033,30.25
-1469.26,-412.498,36.125
-1591.13,-501.691,35.25
-1886.68,-433.344,45.75
-1467.56,-413.536,36
-1555.03,-151.828,55
-918.023,-351.744,38.75
-164.172,-447.844,33.875
283.686,-462.938,43
216.531,-666.719,47
395.422,-748.438,29.25
493.246,-921.016,26.25
377.785,-1585.08,29.25
741.922,-2082.21,29.25
927.031,-2049.55,30.25
821.742,-1912.52,29.125
968.75,-2099.23,30.75
1085.25,-1769.02,35.625
1167.82,-1733.01,35.5
-280.133,-2057.38,29.75
-161.418,-1789.42,29.75
257.484,-1440.59,29
-100.582,-1569.64,32.25
-295.051,-1362.8,31.25
-152.655,-1404.08,30.375
24.9922,-1517.41,29.25
36.127,-1564.33,29.25
20.2109,-1580.15,29.25
148.539,-1809.95,27.875
282.484,-1458.02,29.25
466.125,-1405,29.25
269.688,-1287.58,29.125
520.95,-1340.83,29.25
420.553,-1721.79,29.25
347.746,-1584.21,30
415.956,-1728.42,29.25
176.496,-1342.65,29.125
282.996,-1409.44,29.625
497.807,-1628.1,29.25
210.941,-1782.86,28.875
706.504,-1721.91,29.25
507.703,-1744.98,28.75
293.781,-1802.65,27.375
76.0039,-1528.1,29.25
331.984,-1299.6,31.75
-228.535,-1792.44,29.5
-270.753,-1851.16,27.25
-380.208,-2005.71,29.75
-187.203,-1591.2,34.625
824.898,-1600.7,32
854.484,-1768.02,29.25
789.795,-2158.62,29.375
564.562,-2029.66,29.125
1082.89,-2094.52,35.25
1037.98,-2096.45,31.125
812.496,-1956.02,29.125
973.988,-1893.51,31
1019.09,-2098.11,30.875
1161.42,-1835.6,37.25
1069.26,-1888.5,32.5
966.551,-1982.08,34.5
874.969,-1771.65,29.75
933.596,-1953.88,30.375
855.27,-1657.44,29.375
254.621,-865.883,29.25
-558.406,-692.609,33
-621.766,-150.492,38.5
-1633.12,-272.895,52.5
-1451.85,-339.652,44.25
-1633.07,-40.7422,59.25
-1634.08,-641.996,32.75
-1011.65,-138.938,38.25
-942.258,76.9219,51.625
-460.453,23.2324,45.5
-628.02,-43.8594,41.625
-478.906,-280.352,35.5
-746.906,-26.0586,37.75
-1045.31,-164.922,38
-944.883,-329.629,38.375
-1173.13,-251.193,37.5
-1283.01,295.605,64.75
-1270.58,284.19,64.75
-1649.49,290.984,60.25
-1454.84,112.551,52.125
-1346.64,377.23,65.5
-1454.84,112.551,52.125
-736.508,-21.0078,37.75
211.391,-655.066,47
735.711,-1422.3,30.625
539.07,-2062.02,28
471.332,-1596.01,29
-79.4229,-1465.01,32
-110.359,-1679.88,29.25
-375.812,-2006.64,29.75
-242.719,-1878.38,27.75
-413.852,-1974.48,29.75
-304.92,-1891.52,29.75
7.49609,-1352.02,29.25
146.744,-1426,29.25
-68.873,-496.838,40.25
-129.008,-687.836,34.625
-195.695,-541.514,34.5
92.6094,-657.643,44
-38.7578,-527.09,40.25
78.875,-280.891,46.75
86.1172,-567.256,43.5
393.996,-935.156,29.25
237.242,-600.758,42.375
40.6953,-691.207,44
215.992,-299.203,46.125
-6.64355,-437.688,40
-337.203,-2.20312,47.5
-447.919,-80.0859,40.375
-339.844,-208.52,37.875
288.66,-457.172,43.125
37.1631,-706.174,44
229.414,-818.879,30.25
157.426,-583.652,43.875
300.998,-231.203,53.875
580.438,-382.568,43.5
789.984,-567.332,31.375
1003.58,-726.485,57.375
1199.07,-635.516,62.5
1118.34,-350.055,67
1011.12,-598.174,58.5
860.371,-536.883,57.25
1028.76,-854.219,48.25
900.581,-501.086,57.875
1051.16,-697.836,56.625
1230.98,-337.123,68.875
-907.488,-38.8516,39.75
-634.746,-44.1484,41.25
-489.69,141.939,63.625
-596.656,22.8672,43
-997.742,102.667,52.125
-262.719,-207.563,38.25
-126.303,-334.179,37.125
-641.441,-63.8594,40.125
-457.113,-90.7031,39.5
-540.805,-823.174,28.875
-218.762,-455.672,33.25
-208.336,-575.344,34.5
364.484,-1069.41,29.375
-148.836,-747.168,33.875
-24.3213,-241.326,46.125
134.962,-538.668,43.375
-374.75,-189.734,37
176.66,-1118.34,29.25
429.516,-1123.03,29.25
573.195,-1547.95,29
1146.56,-1859.08,37.25
1200.7,-1685.11,36.875
943.516,-1830.02,31
870.555,-2092.66,30.25
1124.99,-1716,35.5
1301.98,-1650.41,51.125
1295.12,-1582.16,51.625
1208.19,-1451.21,34.75
1333.75,-1770.91,57.5
1170.5,-1830.11,37.25
1278.67,-1792.01,44.125
1139.43,-1843.55,37.25
1148.07,-1704.6,35.5
1375.57,-1687.83,60.625
148.938,-167.006,54.25
1016.26,-854.453,48
54.9688,-307.281,47.125
-194.701,-534.263,34.5
-514.8,-735.164,32.625
-1382.89,-80.2656,52.375
-1429.14,187.137,57.25
-1139.09,239.265,66
-1375.51,247.484,59.625
-1320.01,-501.016,33.125
-1248.71,-106.704,43.625
-1129.61,279.391,65.875
-872.709,-575.203,30.75
162.109,-345.516,43.875
-190.211,-523.5,34.5
-4.16406,-429.56,39.5
-1042.09,-212.586,37.75
-1649.48,-313.016,50.5
-1662.76,-363.254,49.125
-1518.7,-361.556,43.125
-1594.91,-291.898,51
-1125.02,-170.539,38.625
-1036.64,-212.898,37.75
-812.67,56.3203,49.5
-679.127,-199.286,37.25
-369.441,-261.234,34.125
-452.258,-397.154,33.375
-618.672,-571.188,34.875
-647.266,-403.008,34.75
-990.221,-185.789,37.75
-840.709,-386.998,39.375
-861.512,-309.508,39
-946.611,-40.5586,41.375
-793.168,-130.836,38
-859.25,-188.094,37.5
-613.633,-447.57,34.5
-886.938,-628.512,28.25
-960.838,-311.168,38
-878.305,-90.7891,37.75
-930.008,-62.4062,39
-451.192,-85.1875,40
-543.75,-344.272,35
-607.031,-66.8047,41.5
-401.07,59.1797,54.75
-155.008,-97.8359,54.375
-420.086,-247.598,36.25
-437.537,-100.516,39.875
-475.754,137.496,63.875
-700.628,-264.574,36.5
-409.838,-244.17,36.25
-649.508,-285.004,35.5
-820.809,-257.875,36.875
-1266.74,-519.656,31.875
-1644.6,-466.004,38.75
-1604.68,-599.668,32
-1666.92,-494.643,38.125
-1417.26,-487.715,33.375
-1520.54,183.486,57.625
-1437.13,-100.141,51
-1441.8,-408.4,35.75
-1640.94,-30.4414,60.125
-1668.51,110.648,63.5
-1448.98,31.7422,52.5
-1627.92,-238.277,53.875
-1513.84,-160.84,52.875
-1284.72,-85.7188,46
-1499.6,200.797,58.625
-1416.67,309.992,62
-1310.41,236.773,58.75
-1456.41,-67.8594,51.75
-1430.93,-357.043,41.75
-1329.06,-340.885,36.5
-1702.63,31.7226,65.875
-1931.01,-252.422,38.75
-1822.01,-525.168,29.75
-1212.52,-281.312,37.75
-934.756,-112.004,37.75
-975.796,0.254883,47.25
-1047.89,-296.09,37.75
-811.441,-143.016,37.875
-508.379,-257.629,35.5
-651.875,-589.4,34.125
-862.008,251.424,74.75
-819.379,8.99219,42.5
-865.254,-173.383,37.75
-1425.26,-93.0078,52
-1638.21,-291.891,51.625
-1615.51,-68.124,58.75
-1655.06,-15.0391,61.5
-1544.09,-298.523,48
-1275.51,-426.172,34
-1440.68,-450.672,35.25
-1620.01,-588.676,33.25
-1400.76,-300.758,43.75
-1429.58,-440.299,35.75
-1050.32,-452.159,36.5
-1522.7,-270.342,49.875
-1527.17,-310.449,48.125
-1442.44,-2.81641,52.25
-1269.76,278.234,64.75
-1416.66,76.7031,52.25
-1412.86,44.7969,52.25
-909.762,-239.93,39.625
-1046.83,-457.211,36.625
-1548.26,-340.258,46.625
-1492.2,-292.398,48.25
-536.258,-162.266,38.125
-261.578,-146.016,42.75
-172.449,-357.047,33.125
-856.98,-597.781,29
-1447.18,-112.52,50.5
-1621.17,-223.172,54.375
995.656,-298.008,67
192.906,-284.766,47
-16.7578,-150.504,56.625
-214.859,148.562,70.625
-460.453,23.2324,45.5
-558.168,-245.836,36.75
-717.094,-1.33594,37.75
-600.791,-247.388,36.25
-349.5,-182.119,38.125
-681.297,-233.942,36.75
-814.598,-266.797,37
-950.643,-302.891,38.625
-785.508,-47.4688,37.625
-269.203,-25.0156,49.25
-495.004,-191.719,37.25
-211.48,104.109,69.5
167.992,-183.168,54.125
411.906,-157.766,64.5
-65.1445,-231.219,45.125
-362.472,-260.896,33.875
392.664,-213.008,57.375
166.484,-441.527,41
165.242,-451.008,41
252.621,-566.383,43.25
299.688,-226.672,53.75
360.053,-290.859,53.75
606.253,-351.398,43.5
1070.75,-239.838,69.5
1189.07,-300.402,68.875
1287.93,-496.672,69
990.578,-199.744,71.375
1062.08,-479.934,63.875
1212.5,-733.527,58.625
1030.99,-225.168,70
1118.34,-350.055,67
1040.42,-514.008,61.5
805.828,-351.836,52.625
706.717,-456.305,38.5
823.23,-347.145,55.25
760.99,-540.476,33.375
384.758,-300.668,52.625
319.879,-235.434,53.875
402.621,-199.627,59.625
726.992,-245.336,66.25
450.827,-286.512,48.75
785.154,-353.285,49.625
268.562,-253.822,54
121.637,-2.07812,67.625
356.502,-94.4434,67
193.119,-373.129,43.125
295.984,-269.203,54
-147.766,-293.928,39.75
-65.0938,2.88867,71.25
-246.336,133.664,69.5
-287.46,-94.8125,47.125
-942.143,-45.2656,40.875
-1354.46,-75.6758,50.75
-1386.92,232.07,58.75
-1120.02,391.914,69.875
-784.004,-46.209,37.75
-421.844,-193.625,36.375
-1018.01,-225.328,37.75
-1039.66,-163.011,38
-837.113,-168.484,37.5
-888.906,-157.902,37.75
-897.023,69.4961,51.75
-696.713,131.932,56.25
-819.379,8.99219,42.5
-658.32,206.522,73.25
-478.844,-96.0469,38.875
-673.09,-121.172,37.75
-521.742,-68.2656,40.375
-259.414,-133.934,44.125
-1406.79,7.76562,52.5
-1200.63,-274.377,37.75
-1117.51,-295.004,37.5
-913.797,-490.578,36.375
-617.012,-601.441,33.5
-652.215,-451.609,34.75
-612.262,-348.766,34.75
-158.359,-435.953,33.75
486.082,-271.437,47.125
349.18,-327.305,50.625
211.992,-310.512,44.625
32.9209,-52.1094,65.5
437.332,-345.008,47.25
240.297,-377.652,44.25
448.438,-162.498,61.375
229.164,-264.168,52.125
-0.449219,33.1475,71
-593.758,-177.758,37.75
-327.676,-5.76562,47.75
-238.852,-326.91,29.875
-513.672,-152.84,38.375
-541.531,-642.312,33
-518.625,-643.906,33
229.072,-716.793,35.125
23.9648,-342.582,43.125
206.859,-360.719,44
0.396484,-557.805,37.625
-237.367,-331.232,29.875
-83.7969,-84.6699,57.625
-405.207,137.736,65.25
-201.592,-415.512,32.25
111.925,-89.1875,62.25
-142.016,-818.52,31.25
-248.732,-975.016,31
-29.2617,-984.512,29.25
-213.189,-1061.83,29.25
-245.02,-977.226,30.125
-258.294,-848.314,31.125
-245.166,-773.232,32.375
-170.569,-714.969,34.375
-403.252,-827.203,31.5
-132.383,-894.199,29.25
1164.92,-1832.54,37.375
1074.99,-2062.67,34.125
1052.27,-2336.12,30.5
903.988,-2238.15,30.5
814.094,-1951.11,29.125
980.734,-1895.63,31
1071.59,-1886.36,33
722.8,-2079.45,29.25
499.742,-1799.26,28.25
549.152,-1684.02,29
305.191,-1351.53,31.75
19.3672,-1460.01,30.375
-83.6758,-1537.01,33
279.676,-218.961,53.75
331.328,-276.508,53.75
185.578,-312.426,44
135.918,-420.828,41
251.992,-349.629,44.5
416.297,-64.7168,72.125
-966.193,-199.439,37.25
-296.797,-119.016,45.25
-167.008,-62.8359,52.875
-61.7656,-85.2578,57.625
-111.879,-288.377,41.375
-748.004,-113.578,37.625
-150.767,-296.594,39.375
-298.629,-13.3359,48.625
-14.0156,-279.756,46.875
74.7969,-313.012,46.5
449.242,-286.629,48.75
494.312,-181.852,53.125
1159.26,-272.656,69
1100.58,-505.969,63.25
805.908,-288.719,66.25
896.484,-250.016,69.5
789.992,-549.344,32.625
762.391,-572.613,31.5
757.078,-502.984,35.625
789.984,-567.332,31.375
610.707,-393.609,43.375
90.2109,-80.0059,62.625
-107.955,-160.211,52.625
19.498,-88.5117,58.875
-45.6484,-445.086,40.25
-102.609,-279.203,42.5
-38.8281,-102.509,57.375
-359.109,-216.471,37
-269.586,-355.473,30.125
-86.1992,-219.023,44.625
-963.205,-393.816,37.75
-1080.73,175.09,59.625
-887.203,267.781,75
-877.565,-176.6,37.75
-913.954,-420.654,37.5
-896.828,-247.203,39.875
-1065.71,-433.98,36.5
-1312.51,-306.512,37.875
-1386.01,-111.52,51.25
-528.141,-199.084,37.5
-376.008,-252.211,34.75
-376.008,-252.211,34.75
-1632.78,254.422,59.5
-1413.22,137.352,53.75
-1360.01,-37.8359,51.375
-1011.4,-299.137,37.75
-1163.12,-428.387,35.125
-908.781,-195.044,37.75
-987.174,-324.836,37.75
-1161.01,-153.734,39.25
-990.221,-185.789,37.75
-1259.32,-100.052,44.25
-1416.71,-88.5352,52.375
-1201.6,-139.91,40.375
-913.234,-235.188,39.625
-1075.73,-414.211,36.5
-1301.34,-45.5039,47.625
-1426.2,227.953,59.625
-1443.85,-41.1133,52.5
-1627.94,294.742,59.375
-1413.22,137.352,53.75
-1246.02,-66.9336,43.875
-1624.66,176.484,60.375
-1354.46,-75.6758,50.75
-1292.01,-43.8047,47
-1498.67,-378.858,40.5
-1603.89,-661.305,31.5
-1327.01,-438.683,33.625
-1259.32,-100.052,44.25
-1449.1,149.297,53.625
-619.438,-166.359,37.625
-514.008,-121.758,38.75
-824.714,-24.5996,39
-559.062,68.6055,53.25
-733.133,-134.512,37.25
-502.008,-137.422,38.75
-422.324,-16.8359,46.25
-443.02,-190.52,36.875
-251.801,-318.587,30
-749.004,-238.812,37.125
-465.508,-93.0039,39.125
-449.668,-849.668,30.5
-856.487,-603.41,29
-498.422,-287.637,35.375
-610.739,-137.896,39
-904.008,-167.336,37.25
-1051.42,-295.676,37.75
-990.221,-185.789,37.75
-422.324,-16.8359,46.25
867.415,-210.709,70.5
1036.75,-515.086,61.375
1049.33,-628.172,56.75
1073.19,-598.896,56.75
759.734,-748.219,27.125
953.914,-617.258,57.25
1119.64,-631.537,56.625
1196.25,-329.008,69
942.986,-567.846,58.25
859.133,-538.43,57.25
682.289,-1001.91,34.625
995.672,-982.43,41.75
1049.33,-628.172,56.75
1086.49,-855.008,50.625
1265.16,-721.168,64.125
1082.04,-488.314,63.5
1151.5,-562.016,63.5
995.996,-533.008,60
1007.58,-724.84,57.375
1054.98,-767.254,57.75
-130.508,-783.004,32.5
-252.33,-725.605,33.25
-269.711,-638.75,33.25
-218.165,-472.52,34
-221.577,-511.047,34.5
-221.297,-656.234,33.25
-70.4531,-619.707,36.25
328.895,-792.378,29.25
157.648,-788.691,31.125
18.4961,-951.766,29.25
-136.805,-688.309,34.75
108.756,-102.625,59.625
226.066,-270.652,51.25
419.859,-64.4893,72.5
1047.87,-431.676,65.875
1072.81,-577.73,56.75
1089.39,-736.309,56.625
965.164,-468.168,61.875
166.016,-117.18,61.875
219.992,-280.008,49.5
363.172,-93.9453,66.875
389.766,-381.096,46.75
171.404,-158.601,55.375
161.758,-215.555,54.125
297.891,-571.281,43.25
164.766,-631.576,47
46.3633,-676.653,44
132.602,-426.613,41
163.387,-716.203,47
239.449,-1139.38,29.25
193.781,-1083.92,29.25
276.891,-937.51,29
443.186,-689.173,28.5
374.148,-1336.74,32.125
-44.5625,-1031.58,28.375
406.734,-1025.75,29.25
229.415,-902.906,30.5
73.9961,-703.508,44
-73.3418,-634.443,36.25
72.3135,-1004.35,29.25
226.961,-969.395,29.25
-2.3125,-919.311,29.375
-231.388,-855.895,30.375
411.422,-898.652,29.25
263.812,-1032.21,29
502.426,-1024.43,36.125
1.58203,-738.781,44.125
441.789,-334.609,47.625
151.985,-581.938,43.875
-248.938,-1011.65,28.875
-192.473,-948.586,29.25
-191.648,-946.721,29.25
-250.757,-931.914,31
-39.0625,-1021.89,28.75
-158.305,-443.504,33.75
-369.375,-373.134,31.125
-478.629,-279.133,35.5
-386.336,-20.5117,46.75
-556.726,-215.565,37.5
-767.52,-349.094,35.875
-1184.95,-431.978,34
-1348.94,-237.531,42.625
-616.975,-120.047,39.5
168.141,-435.75,41
-149.133,-296.906,39.625
-300.812,-874.613,31.625
-373.652,-328.407,32.125
-543.498,-31.3125,43.375
-223.422,-382.023,30.625
-1594.02,-253.881,53.625
-1596.74,-281.43,52.25
-1332.02,-266.719,42
-1173.02,-429.022,34.625
-1259.61,-445.016,33.5
-1014.76,-367.266,37.75
-1227.16,-326.092,37.375
-1392.91,-417.916,36.5
-1464.23,-324.656,44.625
-1620.94,-401.226,41.25
-1468.31,-214.342,49.125
-1387.63,-43.8828,52.5
-1087.37,342.293,67
-1454.76,101.496,52.25
-1234.65,-422.793,33.625
-927.672,-406.336,37.5
-1627.92,-238.277,53.875
-1252.5,-599.504,27
-1098.67,249.984,63.625
-1259.51,267.387,64.125
-1406.01,152.996,55.625
-1422.01,300.793,61.5
-1417.51,-534.512,31.375
-1393.23,-177.578,47.25
-1343.72,-606.414,28.375
-998.266,-136.156,38.625
-765.395,90.8799,55.25
-813.922,54.9102,49.125
-613.641,141.836,58.875
-883.709,-141.945,37.75
-950.395,20.3633,47.75
-838.516,-2.75781,42.125
-622.922,-268.609,38.625
-410.816,-19.4023,46.625
-3.37695,-316.113,44.875
-68.1719,-10.3359,69.375
196.836,-36.5234,68.5
406.547,-176.836,62.75
389.656,-233.52,55.125
186.156,-308.836,44.125
363.172,-93.9453,66.875
162.496,-24.0039,67.75
206.582,-333.805,43.875
1.89258,-397.305,39.25
108.238,-292.266,45.875
-107.075,-158.493,53
28.3125,-331.672,44.375
-41.5976,-426.094,39.75
-204.008,-415.672,32
-721.504,-219.008,37
-679.914,-302.812,35.625
-641.953,-131.406,37.75
-425.422,-85.2578,41.125
-489.156,24.2051,45
-331.512,-373.172,30.25
-114.324,-301.906,40.25
299.586,-768.844,29.25
398.742,-724.844,29.25
494.391,-1279.41,29.25
262.828,-1597.16,31.5
528.441,-1405.16,29.25
808.711,-1982.73,29.125
1024.99,-2476.67,28.5
1000.98,-2474.6,28.375
790.906,-2155.66,29.375
1198.4,-2087.83,43.375
659.009,-2034.89,29.25
461.406,-1847.6,27.75
323.678,-1603.3,32.5
-128.078,-1547.72,34
59.5303,-1704.69,29.25
301.559,-1677.68,29.25
225.168,-1792.66,28.375
192.685,-1302.56,29.25
-84.2539,-1748,29.25
169.383,-1421.66,29.25
196.16,-1148.51,29.25
46.6211,-1099.38,29
-117.094,-1265.02,29.25
-173.2,-1417.84,31
170.635,-1139.14,29.25
-13.2891,-846.255,36.75
168.871,-623.127,47
-46.7383,-1048.79,28
-87.8047,-669.406,35.375
15.9922,-286.512,47.5
-698.474,-267.569,36.375
-856.766,-116.504,37.75
-614.759,22.998,41.5
-70.6826,-148.453,56.375
-112.844,103.996,72.625
129.594,-205.434,54.375
-75.8379,-175.172,51.25
-536.258,-162.266,38.125
-557.958,-217.519,37.5
-853.508,-82.0078,37.75
-1736.01,75.4961,67.125
-1660.01,115.496,63
-1482.13,-90.6143,50.75
-1480.17,-299.008,47
-1439.72,-3.64648,52.25
-1221.8,-126.68,41.625
-1454.29,89.3496,52.25
-1510.44,190.863,58
-1445.5,9.69531,52.375
-1637.01,-35.5195,59.625
-1667.76,284.578,60.875
-1098.67,249.984,63.625
-660.348,16.4326,39
-500.676,-74.8379,39.125
-248.32,-85.875,48.875
-476.174,-226.008,36.25
-633.871,-65.0039,40.625
-558.52,94.6367,60.375
-260.682,-241.973,34.375
523.246,-95.0078,64.875
380.496,-144.008,64.5
176.621,-763.133,32.375
338.551,-770.666,29.25
162.037,-770.944,31.875
-146.473,-887.785,29.25
99.459,-969.318,29.25
422.959,-1034.2,29.875
193.984,-1014.2,29.25
229.164,-1108.51,29.25
342.623,-1484.39,29.25
9.36523,-1472.86,30.375
-44.2539,-1800.96,26.875
-103.18,-1671.41,29.25
-186.729,-1807.31,29.75
-22.1152,-1722.98,29.25
-60.7578,-600.758,36.25
-147.203,-399.695,33.5
-125.95,-899.269,29.25
-431.531,-853.653,31
-759.629,133.623,59.625
-926.963,-103.877,37.75
-661.93,-67.9688,38.75
-603.004,-201.188,37.25
-758.891,-168.805,37.375
-231.524,-21.0938,49.5
-736.754,116.707,55.75
-494.119,-82.8066,38.875
-427.143,-183.676,36.875
289.094,-23.6797,74.5
90.9883,-100.016,59.375
-1368.38,-363.629,36.5
-1117.26,-391.258,36.5
-1420.01,-322.621,44.125
-917.828,133.422,58.625
-852.805,124.582,57.375
-724.157,-148.711,37.125
-1155.59,-113.008,39.375
-633.875,-249.919,38.25
-259.591,-136.855,43.875
235.496,-178.008,56.375
171.568,-424.215,41
-292.605,-417.805,30
-644.438,35.5664,39.5
-1498.42,-103.755,51.125
-1219.8,-286.016,37.625
-766.742,-308.717,36.875
-189.579,-50.082,51.375
-383.203,33.1797,48.375
-818.746,-146.766,37.875
-443.922,-103.547,39.625
-642.639,67.9844,47.125
-498.711,-117.102,38.75
-171.512,-61.0039,52.625
-183.464,128.281,69.75
-104.773,-145.742,55.5
-105.008,-278.406,42.375
-463.109,-155.203,38
-364.379,136.613,66
-247.832,-358.062,29.875
43.9922,18.1641,69.5
-221.816,35.7734,58.75
-381.069,86.2012,62.75
-303.154,-243.476,34.375
-755.004,-746.344,27
-319.953,-172.174,39.25
-50.0332,-36.6953,65
0.498047,-411.641,39.25
-102.504,-147.512,55.25
376.992,-91.5342,66.75
97.2812,-133.246,55.375
198.674,-188.414,54
270.168,-148.969,64.25
117.123,-84.377,63.5
-144.629,-385.877,33.5
143.238,-599.504,47
-748.004,-113.578,37.625
-617.852,-538.172,34.75
-518.625,-643.906,33
-618.512,-624.766,32.375
-484.043,-862.234,30.125
-319.188,-673.836,32.625
-534.156,-672.859,33
-306.441,-675.516,32.875
-232.379,-687.627,33.25
-438.543,-672.641,30.875
-560.266,-670.758,33
-305.93,-870.461,31.5
6.91406,-790.785,44.125
449.105,-128.081,63.625
255.508,-185.844,56.125
193.891,-280.453,47.75
-173.258,-472.512,34.125
43.9766,-304.897,47.375
-467.504,-359.012,33.875
-616.207,-536.43,34.75
-471.508,-278.004,35.625
-631.055,-195.948,37.5
-708.081,-368.263,34.25
-643.836,-285.742,35.375
-705.775,-250.816,36.75
-896.008,-136.508,37.75
-740.721,-23.0078,37.75
-722.742,15.8945,38.5
-479.672,-280.668,35.5
-649.853,-407.031,34.75
-819.156,-330.871,37.125
-747.676,-316.09,36.375
-1449.1,149.297,53.625
-1597.51,281.656,58.625
-1542.84,236.828,60.5
-1671.58,-377.52,48.625
-1732.73,-451.156,41.875
-1621.98,-445.676,38.75
-1073.3,-152.008,37.75
-1227.84,-291.168,37.5
-1364.43,-443.836,35
-1640.34,-466.844,38.75
-1912.6,-379.859,49
-1705.26,-415.779,44.875
-1821.17,-257.008,41.375
-1718.25,-593.336,35.125
-1615.84,-396.168,41.875
-1707.84,-420.168,44.375
-1429.58,-440.299,35.75
-1348.43,-600.996,28.625
-1476.26,-399.766,37.75
-1408.57,-388.812,36.5
-1747.73,-528.805,37.875
-1783.1,-298.743,43.5
-841.504,235.391,73.5
-930.519,-178.537,37.125
-592.838,-216.008,36.75
-1459.68,-330.953,44.5
-1631.17,-259.781,53.125
-1566.53,-151.891,55.375
-1549.01,-312.008,47.25
-1747.73,-528.805,37.875
-1777.94,-307.196,44
-1774.16,-487.367,39.375
-1710.25,-382.504,47
-1820.78,-524.361,29.875
-1725.72,-439.57,42.875
-1418.26,-540.476,31.125
-1524.3,-714.234,27.75
-1243.26,-546.758,29.375
-927.186,-10.9844,43.125
-946.611,-40.5586,41.375
-1438.4,-452.246,35.125
-1396.98,-590.29,30.25
-1122.63,-219.379,37.875
-1350.41,-522.418,31.25
-1701.76,-411.428,45.375
-1747.75,-373.637,46
-1631.19,-533.552,34.125
-1358.89,-456.381,34.125
-1419.29,-393.972,36.25
-1191.48,-261.257,37.5
-1348.57,-591.381,28.875
-1594.02,-253.881,53.625
-1224.17,-123.301,41.875
-1214.89,-133.859,41.125
-1448.25,-56.4609,52.5
-1582.68,-298.592,49.25
-1498.76,-150.252,52.375
-705.953,-257.568,36.625
-554.756,-222.507,37.5
-300.574,-286.887,30.75
-579.308,-390.688,34.75
-467.516,-146.406,38.25
-200.852,-82.5938,51.125
-163.168,-442.838,33.75
76.9375,-598.482,44
-29.0039,-377.016,39.5
-283.812,-374.203,30
-361.289,-217.002,36.875
-401.896,83.1953,61.875
-353.141,-183.008,37.875
-401.531,71.9922,58.75
-467.344,-273.344,35.75
112.98,-330.628,45.375
448.438,-162.498,61.375
283.281,-402.656,44.875
196.828,-86.6758,68.5
86.3281,-288.922,46.5
98.5781,-288.266,46.125
175.844,-412.68,41
123.992,-461.383,42.625
-276.341,-916.301,31
-263.406,-195.812,38.875
-428.203,-14.8125,46.125
-378.088,-249.012,34.875
-605.687,-238.143,36.5
-508.672,-393.74,34.875
-18.0039,-464.358,40.25
242.479,-586.02,43
173.449,-427.279,41
155.51,-151.656,55.375
509.297,-233.715,49
724.623,-378.383,42.5
1123.58,-642.09,56.5
1128.75,-599.752,56.75
1262.37,-507.883,69
1083.25,-548.275,57.25
1067.05,-454.672,65.125
1031.98,-705.016,56.625
945.479,-886.008,43.5
651.938,-414.023,41.625
466.307,-78.8232,72.75
230.855,-340.023,44.125
792.742,-352.422,50.75
1014.05,-587.547,58.75
962.406,-854.324,44.75
1016.26,-854.453,48
1192.56,-615.18,63.375
947.984,-637.527,57.25
1189.07,-300.402,68.875
1274.99,-442.812,69
1001.29,-530.117,60.25
1167,-733.512,57
933.248,-485.918,60
954.828,-615.184,57.25
1042.98,-758.711,57.5
1254.16,-760.17,61.25
1020.23,-331.514,67
1023.58,-450.922,64.5
924.209,-335.219,66
1116.6,-257.406,69
827.034,-228.605,67.5
694.594,-446.812,39.375
1170.99,-669.344,61
956.35,-855.26,44.25
1258.83,-754.838,61.75
1103.42,-770.148,57.75
608.203,-1010.89,36.75
317.391,-959.602,29.25
250.191,-1009.06,29.25
358.726,-963.309,29.25
409.746,-1079.51,29.25
393.496,-1349.75,31.125
229.898,-1093.31,29.25
331.834,-1064.13,29.25
195.992,-1015.17,29.25
238.797,-1249.6,29.125
-122.699,-1338.31,29.25
110.664,-1559.27,29.25
265.616,-1614.13,31.5
446.223,-1801.71,28
508.992,-1646.84,29.25
714.543,-1450.75,31.25
828.988,-1573.52,30.125
733.328,-1450.34,30.75
854.74,-1643.76,30.125
852.164,-1664.02,29.125
634.148,-1450.34,30.375
567.766,-1422.41,29.5
67.8476,-617.945,44
117.242,-300.504,45.5
399.117,-203.637,59
331.164,-117.504,67.625
497.99,-201.469,51.5
87.666,-92.5732,60.625
-43.5938,-98.6816,57.75
198.174,-84.832,68.625
-313.004,-5.50391,48.25
-114.266,61.8711,71.125
-148.389,-103.467,54.875
-415.234,-78.1328,42.25
143.328,-401.773,41
-380.906,-239.812,35.5
-420.617,-85.6895,41.25
-570.891,-33.2754,43.125
-301.934,-229.43,35.875
-521.976,-207.359,37.5
-0.650391,-295.844,46.75
-298.512,-276.527,31.25
-302.359,-253.637,33.25
-478.906,-280.352,35.5
-526.17,-130.838,38.75
-401.023,54.8262,53.75
-326.859,-173.891,39.125
-192.348,-88.0078,51.875
-161.168,-338.502,35.125
-15.8887,-454.781,40.25
-552.535,-641.719,33.125
-733.883,-248.629,37
-808.508,-8.51172,39.5
-711.942,-55.6094,37.625
-858.094,-131.475,37.625
-828.859,-243.312,37
-1018.01,-225.328,37.75
-599.795,-101.671,42.25
-773.302,-299.715,37
-261.289,-148.898,42.375
-301.008,-14.8125,48.5
-532.883,159.469,65
-568.016,-25.3359,43.75
-849.168,-78.8359,37.75
-615.336,-564.906,34.875
-619.672,-527.344,34.75
-840.76,-170.016,37.5
-865.43,66.9961,52.25
-1199.34,-310.336,37.625
-672.578,-46.8594,38.375
-899.039,-51.1719,38.75
-808.766,-10.5156,39.375
-649.853,-407.031,34.75
-622.617,-747.117,26.875
-971.008,-448.016,37.75
-760.336,-669.336,30
-623.157,-674.172,31.5
-181.836,-830.344,30.5
248.59,-131.004,66.125
-448.5,-269.156,35.75
-1452.79,-153.504,49.125
-1432.1,-574.008,30.5
-1634.1,-275.766,52.375
-1954.31,-150.148,33.25
-1687.25,95.2305,64.375
-1934.64,-225.016,35.625
-1933.66,-155.758,34.875
-1444.51,-104.008,50.75
-1641.5,149.496,61.75
-1696.01,90.9922,64.875
-1520.54,183.486,57.625
-1648.46,-311.441,50.625
-1351.21,-241.805,42.5
-1513.6,-372.402,42.125
-1408.13,-495.816,32.75
-897.82,-347.609,38.75
-601.703,-238.023,36.375
-392.297,-50.2422,45.875
-534.391,88.1826,59.375
-657.203,141.188,57
-732.023,-131.982,37.25
-617.52,-597.773,33.625
-735.188,-361.418,34.875
-782.293,-341.36,36.125
-758.695,-32.6914,37.75
-877.926,-562.693,32.125
-782.293,-341.36,36.125
-1017.75,-412.967,39.5
-1259.91,-447.309,33.375
-1581.41,-300.805,49.125
-1755.44,-565.226,37.25
-1538.08,-327.625,47.125
-1442.44,-2.81641,52.25
-1587.77,-294.514,50
-1407.97,-385.637,36.5
-1234.97,-112.549,42.875
-1502.17,-277.602,50
-1621.98,-445.676,38.75
-1942.52,-396.127,43.25
-1713.7,-341.906,47.5
-1344.96,-411.715,35.875
-1279.51,-418.512,34.375
-1224.66,-118.109,42.125
-1006.11,59.8906,51.75
-1182.83,-137.113,40
-1464.87,-133.734,50.625
-1392.05,-298.031,43.5
-1187.12,-358.462,36.625
-1297.88,-393.438,36.25
-662.092,106.781,56.875
-1049,386.984,69.125
-1069.11,347.891,67.25
-1059.09,205.66,61.125
-1087.84,357.648,67.875
-960.605,-407.012,37.75
-1038.12,-445.031,39.5
-1090.51,-267.016,37.625
-1219.8,-286.016,37.625
-1442.23,-185.029,47.25
-1637.01,-35.5195,59.625
-1272.52,-377.258,36.5
-1228.52,-116.615,42.375
-955.008,276.496,69.5
-833.016,74.9922,52.375
-716.512,96.3613,55.875
-697.728,131.754,56.25
-486.781,-15.8809,45
-677.547,-113.842,37.75
-870.828,70.3223,51.875
-663.391,-137.354,37.75
-685.846,-98.0078,37.625
-1049.55,-149.502,38
-776.266,-126.266,37.625
-794.926,-93.8506,37.625
-428.922,-214.844,36.25
-451.812,-266.203,35.75
-253.963,-589.109,34.125
-301.289,-677.723,33
-447.258,-397.262,33.125
-158.633,-330.887,36.125
-111.351,52.4453,71.375
-39.3906,-1.95312,71.25
-78.0078,-180.012,50.25
-134.715,-359.52,34.625
40.6562,-168.27,55.125
-78.0078,-268.004,44.375
138.653,-530.668,43.25
-226.359,-518.348,34.5
-219.359,-490.726,34.5
-78.7617,-197.266,47
163.387,-716.203,47
-143.016,-723.023,34.625
-12.0664,-843.395,37.25
238.778,-935.537,29.25
1.58203,-738.781,44.125
-902.506,256.328,70.5
-1195.61,262.822,67.75
-1184.02,225.998,67.5
-1107.63,286.117,64.25
-1636.21,294.191,59.875
-1708.26,107.761,65.125
-1407.79,149.066,55.125
-1052.51,189.992,60.125
-1648.19,238.664,62.25
-1379.35,182.222,58.375
-1286.01,300.62,64.75
-1417.06,91.3467,52
-1594.17,229.164,58.75
-1627.94,294.742,59.375
-1791.21,109.391,72.25
-1533.51,224.828,60.375
-1344.46,-75.5469,50.125
-1301.22,-319.719,36.75
-1061.36,-442.695,36.5
-1348.83,-586.938,29.125
-1599.99,-461.547,37.125
-831.423,-153.285,37.875
-557.958,-217.519,37.5
-473.359,-273.789,35.625
40.1562,15.332,69.625
-262.261,110.859,68.875
-368.406,-330.739,31.875
-302.734,-235.605,35.25
-376.33,-227.448,36.125
-1011,-368.583,37.75
-1170.69,-149.66,39.5
-1498.67,-378.858,40.5
-1520.18,-455.022,35.375
-1530.31,-349.287,44.875
-1362.7,-76.6992,51.375
-1428.34,-130.768,49.5
-1418.67,59.332,52.25
-700.701,102.827,56.125
-1049,386.984,69.125
-1217.75,-322.094,37.5
-1191.48,-261.257,37.5
-1115.73,-133.83,38.5
-745.257,-178.719,37
-619.008,-44.0078,41.875
-779.805,-268.816,36.875
-641.672,149.664,57.375
-1017.42,-287.769,37.75
-885.168,-298.836,39.375
-633.328,-315.572,34.75
-607.031,-66.8047,41.5
-502.656,-753.762,31.875
-285.441,-679.938,33.25
-2.15137,-815.9,41.375
-185.934,-931.367,29.25
-386.84,-1139.42,29.5
-217.793,-1016.8,29.125
-10.4453,-837.908,38
247.492,-879.807,30.25
365.73,-1125.69,29.25
301.078,-1395.8,31
269.688,-1287.58,29.125
106.996,-1419.17,29.25
1.68457,-1151.58,28.125
152.18,-604.02,47
368.164,-834.805,29.25
28.3867,-840.383,30.75
-334.023,-672.648,32.25
-92.5039,-681.701,35
-84.084,-659.656,35.875
-206.406,-569.008,34.5
-114.422,-737.766,34.625
295.203,-1140.52,29.25
295.262,-1398.15,30.625
233.203,-1646.92,29.25
153.664,-1806.34,28.375
339.557,-1748.86,29.125
67.3125,-1709.93,29.125
158.601,-1802.61,28.875
162.188,-1578.39,29.125
-148.779,-1370.91,29.5
-36.8828,-1648.26,29.25
238.297,-1577.58,29.25
188.391,-634.406,47
290.695,-899.102,29
556.026,-1016.66,37
1162.23,-954.008,47.875
1108.31,-854.898,52.125
966.031,-895.072,43.25
1019.52,-698.617,56.75
617.938,-1036.62,36.75
473.434,-1028.07,34
114.391,-1417.61,29.125
256.588,-992.676,29.25
147.145,-791.933,31
-143.656,-824.094,31.125
-243.852,-889.637,30.125
96.6562,-645.688,44
168.944,-164.664,54.75
302.319,-270.254,53.875
425.273,-122.859,64.625
239.984,-244.67,53.75
298.328,-76.2578,70
784.242,-281.004,66.625
860.748,-565.008,57.25
924.684,-576.902,57.25
664.758,-425.32,41.375
831.742,-182.695,72.625
841.992,-240.174,66.625
1117.99,-618.226,56.625
1065.2,-364.464,67
931.203,-332.793,66.375
916.344,-220.359,70.25
643.539,-411.285,41.875
790.125,-589.336,29.75
751.318,-186.344,70.625
994.992,-292.838,67
-486.422,-774.391,31.25
-141.297,-1713.38,30
-158.51,-1555.84,34.875
-1.44922,-1553.44,29.125
99.3672,-1659.89,29.25
-48.1719,-1381.52,29.25
488.114,-1740.67,28.75
533.027,-1716.38,29.125
818.797,-1664.41,29.25
510.594,-1648.51,29.25
880.641,-1450.34,29.875
1046.99,-1739.67,35.5
953.414,-1959.76,30.25
815.992,-1941.51,29.125
918.637,-2115.37,30.375
836.244,-1853.41,29.125
773.951,-1763.91,29.25
510.156,-1737.94,29
514.465,-1467.81,29.25
397.734,-1681.91,29.25
745.127,-1723.94,29.25
550.641,-1728.71,29.25
324.871,-1767.13,28.75
-212.625,-1473.26,31.25
-144.859,-1531.22,34.25
241.299,-1576.58,29.25
-5.00781,-1381.67,29.25
299.496,-1676.53,29.25
151.396,-1784.41,29.125
-13.8379,-1719.17,29.25
157.164,-1621.5,29
140.006,-1635.41,29.25
99.0586,-1487.45,29.25
-30.1406,-1472.5,31.125
210.941,-1782.86,28.875
4.48438,-1543.52,29.25
-138.258,-1715.76,30
-190.805,-1672.2,33.5
209.531,-1443.32,29.125
335.047,-1602.18,32.5
340.992,-1302.84,32.25
14.2148,-1352.58,29.25
-148.027,-1781.38,29.625
234.561,-1703.32,29.25
73.2422,-1711.14,29
96.1113,-1662.15,29.25
-1.00781,-1605.19,29
-162.617,-1377.74,29.75
364.797,-1368.91,31.625
427.431,-1421.33,29.25
189.656,-1377.67,29.25
376.758,-1295.88,32.5
1058.58,-2283.85,30.5
906.945,-2275.19,30.5
914.68,-2388.44,30.125
1052.02,-2373.18,30.5
1010.27,-2100.69,31
750.998,-2039.84,29
932.351,-1979.03,30
656.992,-2070.26,29.25
893.559,-2094.19,30.625
1056.22,-2064.7,32.375
1090.83,-1851.84,37
1225.85,-2075.44,44.125
1051.68,-2356.91,30.5
938.648,-2121.36,30.5
926.692,-2235.75,30.5
1028.94,-2065.83,31
1294.32,-1632.56,51.625
1183.61,-1723.13,35.375
795.611,-1730.36,29.25
518.094,-1513.21,29.125
313.281,-1685.51,29.25
241.492,-1539,29.25
513.617,-1481.28,29.25
425.742,-1625.67,29.25
404.904,-1449.08,29.25
263.244,-1608.89,31.5
583.164,-1451.08,29.625
468.242,-1661.5,29.125
252.25,-1536.83,29.25
239.766,-1260.04,29.25
235.578,-946.257,29.25
334.992,-674.266,29.125
240.398,-593.812,42.75
389.766,-381.096,46.75
149.391,-381.214,41.875
358.121,-291.131,53.75
35.3906,-239.609,48.75
-263.406,-195.812,38.875
-7.49609,-114.312,56.625
297.426,-72.3125,70
20.042,-2.09473,70.125
-60.7344,-264.871,45.375
81.6211,-593.383,44
224.492,-717.32,34.875
212.875,-660.289,47
-249.916,-689.812,33.375
-514.504,-787.766,30.75
-619.262,-625.766,32.25
-154.734,-320.34,37.25
-71.293,-503.07,40.375
-218.296,-495,34.5
-256.008,-609.605,33.375
-32.0078,-390.52,39.375
-80.5078,-223.074,44.625
174.238,-61.0039,68.25
141.336,-8.62891,67.5
-142.032,-107.928,55.375
-162.973,-332.023,35.875
-208.754,-382.016,31.5
-191.359,-432.656,33.625
-70.5195,-623.188,36.25
-223.644,-508.39,34.625
-208.52,-571.52,34.5
-3.10156,-411.201,39.125
174.475,-218.273,54
350.055,-316.891,52.125
155.283,-146.516,56
61.7578,-274.949,47.25
-123.258,-324.266,38.125
-60.7344,-264.871,45.375
-124.312,-113.746,56.625
188.328,-62.7812,68.375
267.312,-352.422,44.625
149.281,-493.305,43
130.918,-443.516,41.125
243.387,-582.391,43
168.984,-1136.34,29.25
110.549,-1391.13,29.25
-294.512,-1335,31.25
-437.844,-1098.78,29
-203.917,-1040.59,29.25
389.855,-1013.91,29.25
524.764,-1348.52,29.25
409.105,-1066.78,29.25
210.852,-941.621,30.5
70.7656,-741.42,44.5
31.0557,-720.09,44
-134.676,-895.594,29.25
-77.1797,-916.674,29.25
-217.834,-1017.34,29
310.664,-1089.68,29.25
537.426,-1020.21,37.375
440.996,-1123.42,29.25
230.342,-1098.64,29.25
162.366,-607.549,47
288.578,-460.422,43.125
128.314,-720.686,47
144.695,-946.102,29.75
406.391,-1073.8,29.25
295.203,-1140.52,29.25
362.795,-1028.84,29.25
330.703,-871.52,29.25
271.055,-611.177,42.75
294.648,-555.611,43
240.719,-931.417,29.125
174.238,-1007.26,29.25
202.738,-960.984,30
236.383,-1139.23,29.25
179.496,-750.758,32.875
289.191,-1033.61,29
598.32,-1012.12,37
368.164,-834.805,29.25
184.864,-889.386,31
325.638,-946.412,29.25
160.094,-454.312,41.125
120.141,-329.632,45.125
-71.4062,-151.207,56
22.4961,23.9219,70.25
-50.8828,-135.594,57.625
-91.375,-271.99,43.375
-465.346,-151.836,38.125
-838.516,-2.75781,42.125
-413.925,-208.031,36
-489.001,-86.1963,38.875
-542.914,-302.902,35
-403.812,-368.398,32.125
-230.203,-1.60938,51.25
-899.432,-164.092,37.25
-1326.65,-377.226,36.5
-1459.63,-71.5391,51.375
-1360.52,-226.676,43.375
-1386.53,-187.859,46.875
-1625.38,-228.877,54.125
-1553.84,-207.008,55.25
-1454.77,-418.66,35.375
-1335.94,-603.292,28.25
-1371.37,-363.44,36.5
-1424.26,-527.344,31.875
-1365.47,-531.098,30.25
-1476.68,-671.383,33.25
-1707.76,-515.004,37.25
-907.077,-190.184,37.75
-909.102,-562.406,33.5
-513.016,-800.406,30.625
-947.508,-304.004,38.75
-795.512,-245.406,37
-651.609,-584.016,34.375
-581.5,-642.036,32.625
-431.531,-853.653,31
-435.576,-1126.94,29.375
-239.254,-857.258,30.5
-225.246,-919.672,31
-104.402,-938.312,29
-33.2812,-1003.54,29
35.4238,-951.32,29.25
72.498,-715.695,44
-145.133,-736.891,34.25
60.7441,-637.607,44
118.984,-475.031,43
434.371,-349.883,47.25
380.496,-144.008,64.5
983.992,-189.838,72
1024.73,-334.832,67
384.758,-300.668,52.625
161.496,-57.0039,68
-79.5195,-194.012,47.625
-76.3594,-712.031,44.125
-264.838,-766.188,32.375
-1.91406,-978.156,29.375
-323.594,-645.594,32.625
122.235,-705.772,47
-58.0039,-483.508,40.25
237.596,-376.102,44.25
135.082,-875.588,30.5
349.531,-1123.12,29.25
36.1914,-985.609,29.375
82.1562,-1098.01,29.25
328.594,-1123.01,29.25
286.234,-401.516,44.875
577.008,-339.593,43.5
415.595,-893.357,29.25
673.414,-1002.84,35.375
1052.7,-623.781,56.75
1099.47,-540.778,57.75
1162.83,-501.836,65
1082.48,-735.094,56.625
1042.65,-854.805,48.375
1169.78,-664.594,61.25
1015.75,-544.008,60.25
802.102,-330.895,52.875
1037.3,-577.641,59
1257.37,-730.131,63
1162.23,-954.008,47.875
1297.89,-705.906,64.625
759.26,-461.451,36.625
1025.5,-749.754,57.75
1086.49,-855.008,50.625
1142.06,-975.608,46.375
1125.74,-642.125,56.5
1198.1,-345.711,69
1082.48,-735.094,56.625
1172.2,-475.016,65.625
929.297,-250.064,68.25
1191.58,-303.6,68.875
918.203,-336.793,65.625
932.998,-599.336,57.25
997.992,-320.377,67
857.923,-543.371,57.25
951.591,-864.324,43.875
854.867,-203.773,71.75
653.933,-416.734,41.625
802.102,-330.895,52.875
690.844,-443.344,39.625
492.153,-260.303,47.25
274.207,-141.023,65.875
398.742,-301.758,51.75
636.21,-401.876,42.625
748.566,-345.719,45.375
967.496,-302.016,66.75
942.613,-329.379,66.75
1065.38,-590.578,56.75
940.982,-877.766,43.5
1024.78,-750.371,57.75
983.734,-1006.48,41.875
919.789,-612.312,57.25
1085.58,-733.787,56.625
1089.09,-451.726,65.375
1139.11,-591.826,56.75
1008.89,-608.141,58.5
968.695,-899.605,43.25
1274,-628.406,68.625
1230.98,-337.123,68.875
1184.94,-406.168,67.625
924.566,-202.934,72.5
657.992,-384.838,41.875
462.738,-163.768,59.125
506.238,-113.754,61.75
345.996,-94.4746,67.5
-447.812,21.3906,45.75
-380.503,65.4258,56.75
-212.226,-42.3984,50
-547.273,-55.2988,42
-523.526,-329.609,35
-151.078,-299.086,39.25
-110.871,-172.715,50
-269.336,-348.668,30
-363.258,-184.758,37.125
-201.592,-415.512,32.25
-227.383,-615.127,33.625
117.617,-1644.88,29.25
269.895,-1524.15,29.25
241.248,-1211.63,29.25
63.2988,-1477.31,29.25
-36.8828,-1648.26,29.25
89.2891,-1445.08,29.125
103.396,-1480.01,29.25
348.438,-1560.45,29.25
327.742,-1362.02,32
233.66,-1621.03,29.25
159.312,-1574.73,29.125
436.191,-1269.41,30.875
369.48,-961.09,29.25
242.742,-1065.25,29.125
14.2422,-750.504,44
-144.617,-686.207,34.625
-197.914,-964.148,29.25
-294.672,-1287.34,30.875
-230.004,-1092.51,29.25
-251.711,-1014.71,28.625
-155.84,-679.674,34.5
-122.604,-330.723,37.625
-352.766,-375.766,30.5
-76.3828,-264.137,44.625
83.7969,-185.461,54.875
224.66,-370.094,44.125
259.267,-84.5459,70
-74.5078,-53.1035,60.75
82.2656,-95.7168,59.875
390.992,-88.8086,67.125
406.547,-176.836,62.75
495.93,-255.978,47.5
-345.254,-277.766,32.625
-35.9844,-241.578,45.875
280.906,-118.086,69.375
96.4961,-126.512,56
-12.7812,-114.109,56.625
-137.783,-361.409,34.375
-205.805,-560.414,34.5
-81.7656,-556.516,38.875
144.789,-310.109,44.625
162.496,-24.0039,67.75
191.781,-292.801,45.875
448.988,-284.836,48.875
252.876,-651.855,39.375
416.206,-368.814,46.875
314.391,-114.805,68.625
271.344,-143.504,65.25
90.9922,-154.838,54.875
5.58496,-557.008,37.375
267.797,-387.406,44.75
480.274,-278.359,47.25
384.484,-92.4365,66.875
350.742,-309.512,52.875
0.498047,-411.641,39.25
-249.516,-351.766,29.75
-53.7109,-568.516,38.5
57.6953,-749.102,44
-70.8359,-519.852,40.25
-82.1152,-69.8486,58.5
58.1367,-235.137,49.875
81.624,-585.305,44
-145.879,-393.395,33.5
388.568,-984.762,29.25
224.988,-628.02,40.25
220.793,-740.297,33.875
90.6641,-622.672,44.25
121.398,-898.965,30.125
153.243,-710.758,47
339.625,-759.035,29.25
158.492,-965.363,30
124.172,-600.568,45
274.795,-611.159,42.875
35.1172,-709.014,44
-224.605,-860.521,30.125
-299.004,-643.852,33
-255.17,-327.008,29.75
-235.719,-35.3086,49.375
-657.578,188.125,67.125
-534.301,-63.0469,41
-154.246,-100.856,54.5
-3.10156,-411.201,39.125
224.068,-276.652,50.25
501.891,-239.305,48.375
286.537,-814.338,29.25
86.3281,-1099.01,29.25
315.586,-962.438,29.25
161.992,-894.758,30.25
370.703,-683.441,29.125
103.988,-633.016,44
288.078,-806.428,29.25
393.996,-935.156,29.25
116.512,-670.196,47
-123.5,-895.156,29.25
144.745,-953.646,29.625
124.172,-600.568,45
170.242,-428.648,41
293.076,-556.562,43.125
67.125,-563.844,32.75
-131.838,-789.68,32.25
449.539,-1030.63,31.875
304.484,-1705.24,29.25
85.8447,-1723.34,29
282.824,-1660.53,29.25
250.855,-1538.05,29.25
-148.145,-1527.72,34.25
111.83,-1136.84,29.25
155.148,-1366.86,29.125
111.406,-1388.42,29.25
56.5898,-1351.01,29.25
67.3281,-1056.01,29.25
6.49609,-1454.76,30.375
389.984,-1084.15,29.25
407.332,-1118.01,29.25
399.598,-751.609,29
394.793,-745.016,29.25
285.354,-456.544,43
74.9883,-608.758,44
-131.186,-688.461,34.625
45.7344,-559.465,34.375
249.359,-648.508,39.375
442.945,-321.643,48.25
761.324,-593.388,29.75
973.547,-460.953,62.375
972.492,-254.532,67.375
902.996,-500.008,58
833.703,-347.793,56.375
933.248,-485.918,60
762.164,-510.008,35.25
836.988,-271.51,65.25
861.992,-529.012,57.25
1130.18,-565.043,56.625
858.988,-551.836,57.25
786.4,-501.781,35.375
863.141,-567.746,57.25
760.157,-518.715,34.875
1024.66,-657.008,58.375
1298,-637.512,68
1259.09,-515.296,69
1057.99,-618.766,56.75
1139.49,-699.203,56.5
1114.67,-503.945,63.625
1008.71,-687.094,56.75
1142.8,-973.613,46.375
806.387,-1100.88,28.625
545.642,-1018.3,37.25
302.573,-963.17,29.25
250.691,-1123.51,29.25
79.7129,-967.518,29.25
418.664,-1003.13,29.125
464.328,-1269.95,29.625
234.695,-1198.8,29.25
305.617,-747.633,29.25
234.799,-899.76,30.5
407.236,-1091.89,29.25
279.695,-935.914,29
179.492,-752.312,32.75
334.242,-668.758,29
230.078,-709.579,35.5
243.387,-582.391,43
763.242,-638.008,28.75
759.84,-617.094,28.75
601.406,-351,43.5
651.063,-377.047,42.375
899.594,-272.113,67.125
1191.13,-597.642,63.875
935.293,-484.906,60
1006.99,-461.668,63.625
873.824,-248.254,69.5
960.387,-270.406,66.75
1075.69,-555.164,56.75
1042.16,-637.141,56.875
1001.99,-685.838,57.125
1038.5,-551.797,60.125
1185.12,-747.641,58.125
966.117,-552.629,59
929.703,-859.297,43.5
989.689,-959.152,42
968.117,-952.758,42.375
1023.93,-646.188,58.625
1085.58,-733.787,56.625
673.801,-1029.01,35.625
952.707,-902.578,43.125
1002.8,-997.596,41.875
1265.49,-496.008,69
1277.98,-737.734,63.625
1116.81,-855.008,52.75
1191.98,-601.641,63.875
1154.33,-825.676,54.875
969.537,-629.669,57.25
988.996,-537.512,59.75
1104.75,-385.859,67
1172.75,-677.266,60.875
1239.82,-742.87,60.875
1252.75,-587.008,69
1038.5,-551.797,60.125
1022.89,-545.203,60.25
961.293,-557.109,58.75
906.891,-338.715,64.875
711.515,-241.699,65.875
788.562,-353.008,50.125
744.742,-364.758,44.625
933.627,-593.859,57.25
660.109,-418.758,41.5
1043.98,-512.898,61.625
859.637,-557.148,57.25
342.684,-352.985,46.5
-108.724,-117.728,57.375
66.7051,-139.469,54.875
-87.0039,72.7344,71.5
-264.76,-0.757812,50.875
-399.327,-65.8691,44.25
-260.523,-141.728,43.25
-121.254,-77.5352,56.125
-404.513,-66.6719,43.875
-560.873,-88.1621,41.5
-813.984,-212.857,37.25
-739.336,-204.162,37.25
-594.066,-92.5078,42.25
-887.633,-132.758,37.75
-1199.02,-89.5859,41.125
-1086.94,-370.609,36.75
-1328.16,-339.67,36.5
-1266.74,-519.656,31.875
-1421.6,-320.402,44.25
-1234.01,-70.8379,43.25
-1069.38,-196.726,37.625
-1299.3,-481.723,33
-1279.12,-558.793,30.375
-1062.17,-445.008,36.5
-1268.51,-439.512,33.625
-1294.48,-399.328,36.125
-1342.85,-245.551,42.5
-1417.02,-195.504,47.125
-1195.38,-310.391,37.625
-1264.31,-94.8594,44.75
-1475.79,-249.656,50
-1648.93,-550.08,33.625
-1514.66,-742.27,26.75
-1785.23,-454.91,41.375
-1639.84,-542.704,33.75
-1782.53,-302.656,43.75
-1665.44,-461.512,38.75
-1621.52,-225.016,54.25
-1780.97,-436.359,42.125
-1525.99,-396.898,41.25
-1530.37,-247.758,51.125
-1782.53,-302.656,43.75
-1613.36,-568.258,33.875
-1606.07,-381.328,43.25
-1851.98,-207.605,39.25
-1783.26,104.617,71.125
-1586.84,173.748,58.625
-1440.8,-19.0156,52.25
-1542.84,236.828,60.5
-1708.82,242.848,62.25
-1681.62,7.84375,64.125
-1527.09,-252.031,50.875
-1750.02,-330.406,45.875
-1768.02,-559.02,35.875
-1783.84,-478.428,39.625
-1540.8,-650.226,28.75
-1432.12,-517.437,32.625
-1402.85,-501.195,32.375
-1450.72,-332.652,44.375
-1699.81,-409.602,45.625
-1667.08,-620.001,33.125
-1622.51,-334.012,50.5
-1472.1,-407.492,36.75
-1335.81,-319.672,37.875
-1618.02,-397.676,41.625
-1739.67,-340.672,46.375
-1722.75,-340.797,47.125
-1664.34,-595.855,33.5
-1600.61,-603.504,31.875
-1431.8,-441.811,35.625
-1536.01,-699.586,28.625
-1599.41,-609.203,31.5
-1573.34,-536.216,35.375
-1457.29,-202.305,48.5
-1376.38,-78.3594,52
-1318.8,-448.781,33.25
-1495.63,-235.766,50.375
-1336.65,-264.859,42.125
-878.305,-90.7891,37.75
-1134.45,-227.938,38
-1403.86,-280.121,43.375
-1386.34,-414.336,36.5
-1353.51,-393.846,36.5
-1614.92,-649.016,32.625
-1544.85,-717.781,28.75
-1653.12,-625.908,33.625
-1362.7,-76.6992,51.375
-1675.7,238.309,62.25
-1429.14,187.137,57.25
-1516.61,214.195,58.625
-1713.07,199.758,63.625
-1578.01,-133.52,55.625
-1703.51,85.9961,65.375
-1137.42,239.969,65.875
-758.512,153.984,64.375
-791.344,-37.0508,37.75
-617.336,-209.008,37.125
-323.697,-173.29,39.25
-47.9062,-231.875,45.5
-93.3906,-272.508,43.25
0.745117,-152.379,56.25
-330.188,-865.594,31.5
-235.172,-977.852,29.25
-57.9688,-463.115,40.375
140.406,-13.7578,67.5
-596.656,22.8672,43
-465.391,24.1123,45.375
-594.359,-95.6484,42.25
-397.555,-201.055,36.25
-746.008,-105.672,37.75
-842.758,-213.754,37.125
-691.887,-81.0156,37.5
-760.336,121.664,57.125
-736.673,79.4863,55.25
-677.875,-230.703,36.875
-840.008,-155.668,37.75
-1119.9,-173.149,38.5
-433.422,-255.6,35.75
-347.156,-672.422,31.875
-521.062,-898.482,26.5
-227.338,-903.419,31
-360.676,-861.348,31.25
1077.64,-569,56.625
982.896,-698.203,57.25
1067.99,-451.406,65.375
884.66,-588.172,57.25
811.637,-301.289,66
-1201.81,396.797,74.5
-1070.17,283.742,63.75
-1351.31,234.094,58.5
-1375.51,247.484,59.625
-1415.32,58.21,52.25
-1299.74,238.225,59
-1351.08,194.922,58.25
-1632.13,153.621,61.125
-1536.01,234.496,61
-1420.01,101.664,52
-1439.55,-103.174,50.75
-1591.63,-235.883,54.25
-1621.62,135.854,61
-1547.68,168.566,57.375
-1545.17,-346.836,46.25
-946.139,-366.164,38.75
-999.625,-443.349,37.25
-1294.01,-43.7109,47.125
-1521.44,-191.172,54.25
-1646.02,-24.5195,60.625
-1446.55,15.1719,52.5
-1587.41,-180.207,55.5
-1731.25,58.4844,67.625
-720.75,12.0625,38
-820.016,-289.219,37.375
-955.766,-22.5996,43.625
-991.172,90.1641,51.75
-1118.62,-419.207,36.25
-1420.01,-322.621,44.125
-1624.17,-587.46,33.375
-1666.5,-326.344,49.625
-1763.41,-428.605,42.5
-1751.2,-413.402,43.625
-1947.73,-291.436,43.125
-1946.56,-328.861,45.625
-1747.75,-373.637,46
-1513.84,-160.84,52.875
-1361.08,231.637,58.5
-1098.84,233.992,63.125
-860.703,46.9375,50
-641.672,169.332,61.375
-607.031,-66.8047,41.5
-581.008,140.828,61.5
-881.488,264.352,74.875
-835.219,199.922,74.25
-755.023,113.496,55.875
-380.844,34.7969,48.875
-577.732,-243.781,35.875
-344.297,-410.731,30
-62.1719,-598.672,36.25
-20.9844,-356.062,40.625
32.748,-237.838,49
-184.272,-51.1592,51.625
-301.703,-208.531,37.875
-5.26562,-108.266,56.875
133.125,-204.726,54.375
51.9062,-196.692,54.125
-15.2031,-449.004,40.25
206.922,-320.211,43.875
437.125,-100.438,68.125
285.391,-38.4062,71.875
276.148,-133.777,67.25
207.375,-250.601,52.75
214.07,-304.652,45.375
129.062,-44.5215,67.5
413.369,-372.887,46.75
151.948,-309.484,44.5
397.484,-195.512,60
416.922,-155.226,64.5
189.394,-108.628,65.125
553.438,-330.783,43.5
882.723,-324.094,63.25
1067.78,-448.512,65.5
1073.77,-571.373,56.625
1046.16,-687.691,56.625
1051.14,-767.25,57.75
1253.8,-585.637,68.875
1296.42,-438.582,69
1305.08,-657.016,67
455.707,-287.859,48.5
817.844,-263.719,65.75
1012.48,-459.016,63.875
1274.59,-439.508,69
1084.16,-739.672,56.75
1025.5,-749.754,57.75
1167.99,-648.188,62
1046.99,-512.172,61.75
874.458,-513.109,57.25
905.984,-237.719,69.25
919.137,-302.582,65.5
1178.57,-430.629,67
1287.93,-496.672,69
1237.16,-527.264,67.5
995.984,-683.117,57.25
1006.47,-626.016,58.25
1181.66,-784.668,56.75
1140.48,-697.52,56.625
1113.74,-543.441,57
1142.06,-580.258,56.75
1094.53,-426.812,66.875
1242.05,-741.91,61.125
994.672,-714.662,57.25
900.581,-572.805,57.25
698.844,-999.969,32.5
1162.23,-954.008,47.875
1073.98,-732.512,56.625
1118.01,-621.188,56.625
1025.66,-638.172,58.625
1157.41,-598.672,63.25
926.57,-334.094,66.125
1197.98,-331.598,68.875
954.984,-172.207,73.875
997.992,-296.746,67
874.85,-993.062,31.5
974.074,-970.52,42
1156.98,-824.008,55.125
953.242,-912.845,43
972.34,-632.043,57.25
892.797,-593.406,57.25
1128.08,-855.281,53.25
1209.91,-692.188,60.25
1134.2,-566.564,56.625
289.486,-564.617,43.125
-223.644,-508.39,34.625
-0.402344,-810.207,42.25
412.734,-1006.26,29.125
393.496,-1349.75,31.125
500.937,-1627.28,29.25
515.932,-1725.48,29.125
1083.82,-1761.61,35.5
1073.94,-1732.39,35.5
1136.81,-2094.16,40.875
1064.74,-2175.26,31.625
1060.25,-2245.42,30.25
896.504,-2385.58,30
892.57,-2409.15,29.25
939.457,-2100.9,30.5
794.01,-2112.45,29.25
784.971,-2216.22,29.25
833.062,-1869.22,29.125
809.062,-1979.65,29.125
1017.11,-2070.15,30.875
1215.35,-2046.51,44.25
1055.08,-2318.6,30.5
1198.99,-2085.01,43.375
1051.71,-2381.78,30.375
1052.02,-2373.18,30.5
774.492,-2303.01,27.625
860.875,-2061.3,30
1274.91,-1539.91,45.875
1054.48,-1448.52,36.5
948.441,-1746.8,31
1075.07,-1885.12,34
1290.52,-1662.08,49.625
1173.31,-1851.67,37.25
1201.93,-2085.07,43.5
940.04,-1888.06,31
918.914,-2355.42,30.5
861.379,-2254.28,30.25
930.866,-2206.39,30.5
786.91,-2198.23,29.375
914.156,-2396.67,29.875
913.687,-2174,30.25
781.789,-2229.2,29.25
938.663,-2129.52,30.5
800.504,-1730.94,29.25
828.988,-1573.52,30.125
1163.56,-1753.19,35.875
1362.32,-1671.89,56.375
1268.09,-1674.4,46.125
1013.8,-2067.01,31
913.687,-2174,30.25
856.484,-1662.84,29.25
-0.253906,-1153.76,28
151.192,-1570.02,29.25
372.703,-1710.5,29.25
600.998,-1713.17,29.125
813.82,-1948.29,29.125
820.195,-1651.21,29.625
1145.39,-1706.01,35.5
1162.84,-1852.88,37.25
1128.19,-1845.78,37.25
1280.16,-1549.01,47.5
1091.31,-1882.02,36.625
1048.99,-2100.76,32.125
1109.2,-2094.6,38.125
1225.98,-2077.26,44.25
1082.89,-2094.52,35.25
908.203,-2232.38,30.375
948.953,-2010.18,30
1048.99,-2100.76,32.125
1058.33,-2232.68,30.25
1050.8,-2369.13,30.5
1066.8,-2164.4,32.125
932.605,-1973.12,30.125
777.5,-2083.71,29.125
817.615,-2087.25,29.5
861.379,-2254.28,30.25
1113.49,-1721,35.5
963.749,-1980.06,34.5
932.06,-2195.76,30.5
689.484,-2037.76,29.25
491.172,-1879.02,26.125
282.824,-1660.53,29.25
502.649,-1321.05,29.25
862.507,-1583.61,31.125
1133.12,-1742.38,35.5
931.523,-1974.94,30.125
607.899,-2031.99,29.25
722.8,-2079.45,29.25
953.164,-1970.18,30.125
838.016,-1840.92,29.125
682.797,-2036.74,29.25
801.863,-2008.13,29.25
755.883,-1724.14,29.25
1164.87,-1764.38,36.125
1220.52,-1703.08,37.875
1366.09,-1679.76,58
1213.59,-1452.31,34.75
1092.21,-1448.52,36.375
1302.66,-1649.34,51.25
1235.52,-1695.06,40.125
1170.12,-1780.58,36.5
932.312,-1970.17,30.125
1180.48,-2092.56,42.625
1052.84,-2319.88,30.5
906.695,-2444.7,28.5
313.371,-1381.88,31.75
122.812,-1457.01,29.25
439.996,-1869.81,27.375
259.531,-1707.87,29.125
-156.004,-1549.51,34.75
-79.0078,-1777.17,28.5
351.234,-630.508,29.125
336.988,-773.453,29.25
464.559,-1053.81,33
354.738,-1140.52,29.25
208.742,-1349.26,29.25
478.898,-1825.11,27.75
853.496,-1652.52,29.625
869.068,-1770.3,29.625
1159.26,-1836.28,37.25
391.191,-1593.31,29.25
243.738,-1541.25,29.125
135.641,-1444.79,29.25
-145.902,-1541.72,34.25
90.3476,-1081.52,29.25
275.148,-356.184,44.875
286.389,-615.445,43.25
388.293,-1097.93,29.25
-131.168,-1393.22,29.5
-158.244,-1694.91,31.5
-292.008,-1404.01,31.25
271.011,-1392.01,30.375
172.789,-1347.61,29.25
459.734,-1673,29.25
235.898,-1548.01,29.25
181.172,-1431.57,29.25
425.742,-1625.67,29.25
1057.74,-1737.09,35.5
902.394,-2092.6,30.625
956.496,-1928.01,31
853.844,-2090.58,30
810.494,-1968.69,29.125
852.238,-1703.59,29.25
1067.33,-1774.51,35.625
1078.99,-2099.26,34.75
853.215,-2060.58,29.875
793.992,-2119.85,29.25
832.598,-1871.6,29.125
1213.97,-2048.21,44.125
1274.91,-1539.91,45.875
1172.24,-1791.76,36.75
953.414,-1959.76,30.25
1184.56,-2060.86,43
787.566,-2193.36,29.375
945.094,-1816.01,31
901.23,-2094.79,30.625
1091.59,-1831.81,37
772.359,-1728.19,29.375
507.992,-1690.84,29.125
192.417,-1614.88,29.25
-49.8125,-1701.22,29.25
-235.797,-1794.66,29.5
-64.0547,-1600.57,29.375
-52.3555,-1558.1,30.125
106.357,-1696.56,29.125
226.188,-1620.01,29.25
315.891,-1867.93,26.75
487.91,-1778.66,28.375
349.705,-1581.44,30
-193.805,-1652.21,33.5
-99.3476,-1522.41,33.5
215.578,-1592.6,29.25
232.156,-1845.52,26.625
12.2812,-1660.41,29.25
232.332,-1174.01,29.125
223.492,-1452.42,29.25
341.609,-1746.01,29.125
-275.359,-1534.08,27.25
-193.805,-1655.02,33.5
1158.47,-2065.76,42.125
1078.83,-1801.6,36.25
1103.44,-1722.26,35.5
1225.85,-2075.44,44.125
930.746,-2021.76,30
1078.74,-2064.16,34.625
1183.99,-1805.17,36.625
1196.31,-2086.56,43.25
943.367,-1868.5,31
799.57,-2020.44,29.125
811.748,-1692.84,29.25
299.496,-1676.53,29.25
335.992,-1485.67,29.25
366.195,-1528.91,29.25
879.66,-1772.89,29.875
1346.16,-1643.01,52.25
1076.7,-1733.02,35.5
1382.74,-1700.68,63
1129.98,-1448.09,35.125
921.094,-1777.07,30.875
1205.55,-1711.4,35.875
1279.54,-1669.1,47.875
1261.25,-1656.48,47
944.156,-1808.84,31
1152.68,-1857.13,37.25
1038.49,-2461,28.25
903.777,-2322.93,30.25
1119.65,-2067.92,39.625
779.246,-2248.76,29.25
951.028,-1985.81,30
1020.12,-1751.38,35.25
1029.73,-2069.26,30.875
1029.73,-2069.26,30.875
1020.62,-1748.68,35.25
829.709,-2089.32,29.75
945.828,-1801.89,31
1137.05,-1741.92,35.5
1287.56,-1561.67,49.625
1198.48,-1684.47,36.75
946.133,-1795.31,31
1168,-1780.51,36.5
1121.19,-1715.99,35.5
936.842,-1940.11,30.625
1085.37,-2092.38,35.375
917.195,-2374.02,30.5
1063.47,-2064.66,33.125
1094.98,-2062.34,36.625
1064.33,-2183.01,31.375
1098.02,-1724.29,35.5
925.488,-2067.91,30.375
927.703,-2033.54,30.125
1102.8,-1875.95,37.125
955.492,-1941.41,30.75
918.672,-2118.02,30.375
449.496,-1799.38,28
205.426,-1445.27,29.25
279.984,-1322.01,30.25
921.641,-1451.14,31.125
822.559,-1452.74,27
857.249,-1603.51,31.75
613.277,-1450.02,30
580.492,-1737.42,29.125
600.435,-1571.94,27.375
896.195,-1743.81,30.125
602.051,-1575.35,27.25
402.915,-1875.09,26.125
528.66,-1669.5,29.125
233.66,-1621.03,29.25
325.058,-1876.69,26.375
-71.1445,-1543.02,32
31.293,-1350.9,29.25
-7.2041,-829.031,39.375
397.797,-770.922,29.25
32.5547,-826.169,31
-259.203,-883.312,30.75
150.498,-387.258,41.75
151.985,-581.938,43.875
359.277,-200.055,57.625
487.496,-269.301,47.125
-112.504,-197.512,45.75
-2.72852,-99.7178,57.375
-873.18,110.938,54.5
-833.27,-129.508,37.25
-1407.51,-203.512,46.875
-445.844,117.484,64.5
-175.008,-90.8359,53
-374.75,-189.734,37
-769.695,-147.594,37.625
-655.09,-345.758,34.625
-538.441,-162.707,38.125
-954.699,-28.3672,42.875
-622.5,-65.8262,41.125
-505.033,-218.458,36.625
-384.812,-403.406,31.375
-39.5039,-413.016,39.5
-239.305,-747.906,33
-25.0078,-732.168,44.25
-5.90527,-826.217,39.875
67.125,-563.844,32.75
52.7539,-660.808,44
-114.078,-195.086,46
219.266,-884.319,30.5
394.664,-874.336,29.25
-205.967,-986.016,29.25
35.1172,-709.014,44
-69.3799,-919.813,29.25
119.055,-718.045,47
445.303,-1056.98,31.25
309.054,-1590.62,31.5
361.504,-1366.7,31.75
509.998,-1527.51,29.125
385.328,-1343.52,31.625
236.414,-1468.17,29.25
255.992,-1484.92,29.25
1.80469,-924.793,29.25
-219.269,-1022.56,29
7.20996,-901.281,29.75
254.762,-995.652,29.25
135.918,-420.828,41
-1125.02,-170.539,38.625
-1178.84,-399.461,34.875
-1184.4,-371.928,36
-1414.34,215.328,59
-1799.67,-538.008,31.875
-1523.42,-307.547,48.5
-1851.73,-424.078,45
-1656.83,-447.953,38.75
-1707.09,-559.594,36.5
-1024.84,-237.168,37.75
-297.168,-383.172,29.875
459.108,-1029.58,32.75
1105.71,-541.042,57.625
1007.12,-525.629,60.25
878.035,-295.008,65.5
1146.66,-856.336,54
1066.24,-767.68,57.625
1018.82,-743.023,57.75
1002.38,-854.406,47.625
1116.81,-855.008,52.75
965.492,-554.008,59
1039.17,-412.174,66.25
894.348,-341.225,63.75
1147.84,-768.109,57.375
932.998,-599.336,57.25
1028.76,-854.219,48.25
1016.91,-681.09,56.5
1198.23,-524.254,65.25
1024.73,-334.832,67
1073.19,-598.896,56.75
1199.12,-358.133,68.875
1197.82,-502.672,65.125
1024.6,-643.605,58.5
1063,-855.211,49.125
1131.14,-671.949,56.625
1217.84,-750.883,58.625
1128.08,-855.281,53.25
1302.19,-683.82,65.625
1240.99,-370.676,69
857.923,-543.371,57.25
1060.85,-485.859,63.5
987.328,-273.008,67
1027.49,-447.562,64.75
1004.99,-204.016,70.25
1118.01,-621.188,56.625
1227.56,-363,68.875
979.195,-483.203,62.125
288.66,-457.172,43.125
181.18,-592.84,43.25
1002.2,-440.52,64.125
1185.12,-747.641,58.125
950.59,-566.406,58.5
1147.84,-768.109,57.375
793.281,-732.423,27.5
901.219,-1010.78,34
785.371,-203.125,69.625
541.547,-360.828,43.5
163.197,-130.103,59
378.82,-136.676,64.625
-85.3789,-673.133,35.25
-938.476,-362.305,38.75
-869.627,-582.512,30.125
-898.98,-520.656,35.125
-736.656,-3.3125,37.75
-1478.36,-224.916,49.625
-1449.51,-149.754,49.125
-1644.36,-433.529,38.875
-1660.02,-536.906,35.125
-1651.24,-606.078,33.5
-1144.51,-236.223,37.75
-1021.76,-143.086,38
-868.172,205.906,73.5
-1011.65,-138.938,38.25
-1041.35,-459.359,36.625
-1859.01,-417.812,45.75
-1590.58,-238.639,54.125
-1553.23,-371.605,45.125
-1403.51,-560.879,30
-1333.8,-383.203,36.5
-1205.58,-587.172,27.125
-1343.24,-478.769,33.5
-1259.61,-445.016,33.5
-1273.42,240.93,60.875
-975.973,60.125,51.625
-795.504,86.2109,53.875
-1034.8,108.547,52.875
-1340.3,232.918,58.75
-1279.84,-47.418,46.125
-1064.41,241.482,63.5
-638.895,185.844,66.375
-426.344,138.816,64.75
-401.387,44.4385,50.75
-657.203,141.188,57
-649.734,-65.9336,39.625
-885.168,-298.836,39.375
-885.266,-76.082,37.625
-541.689,33.7812,44.5
-749.004,-181.24,37.125
-999.641,-321.42,37.75
-1036.33,-241.516,37.75
-1146.52,-234.646,37.75
-1350.89,-390.021,36.625
-1580.67,-219.338,54.75
-1567.32,-360.563,46.5
-1419.51,-531.512,31.625
-1064.16,-437.32,36.5
-1614.92,-211.922,54.625
-1641.63,-353.133,49.75
-1963.51,-372.59,46.5
-1651.23,-312.34,50.375
-1216.68,-127.762,41.375
-1459.63,-71.5391,51.375
-1632.01,-476.838,38.125
-1807.74,-486.6,40.625
-1545.95,-472.961,35.375
-1471.17,-240.838,49.75
-1518.64,-257.125,50.375
-1580.59,-541.422,35.5
-1736.4,-570.008,37.25
-1718.01,-511.266,37.625
-1419.5,-599.504,30.5
-1895.23,-428.176,45.875
-1545.17,-346.836,46.25
-1201.17,-313.188,37.75
-1405.76,-555.012,30.125
-1657.59,-623.812,33.375
-1579.6,-672.543,29.375
-1622.01,-438.598,39.125
-1744.21,-374.812,46
-1509.62,-159.127,52.75
-1790.77,-294.062,43.25
-1908.97,-419.07,46.875
-1599.84,-285.008,52.125
-1428.41,-196.609,47.25
-938.254,-410.911,37.5
-1310.41,236.773,58.75
-1349,376.032,65.25
-1647.91,268.234,59.5
-1776.38,216.488,68.75
-1720.52,103.051,65.75
-1746.51,68.4961,67.75
-1508.88,-114.133,51.875
-1202.01,-89.168,41.375
-614.162,-224.141,36.875
-828.021,-19.0713,39.625
-1043.51,-216.516,37.75
-552.414,-644.805,33
-322.859,-207.297,38
290.988,-363.504,45
596.484,-349.953,43.5
260.854,-176.053,58.25
282.748,-49.377,70.5
162.664,-179.016,54
131.42,-336.369,44.875
-33.7344,-509.734,40.25
-303.008,-149.13,41.875
-393.676,-52.2852,45.625
-933.363,76.708,51.75
-381.069,86.2012,62.75
-491.836,139.892,63.625
-1098.67,249.984,63.625
-1006.52,282.914,66.375
-1236.18,211.992,64.375
-1359.42,-356.084,36.5
-1413.81,-544.008,30.875
-1375.42,-427.672,36.125
-1336.34,-546.008,31.25
-1577.02,-623.121,30.25
-1303.68,198.828,58.5
-1125.25,-391.272,36.5
-1069.38,-196.726,37.625
-1722.75,-340.797,47.125
-1531.7,-389.484,42.125
-1714.61,-382.092,46.875
-1502.17,-277.602,50
-1515.14,-117.857,52.25
-1285.72,-551.066,31
-387.496,-1108.93,29
591.682,-1013.06,37
1159.49,-957.008,47.75
951.637,-641.441,57.25
989.992,-231.672,69.25
791.656,-709.012,28.5
1023.58,-450.922,64.5
1141.07,-368.377,67
1269.99,-569.836,68.875
993.352,-854.207,47
914.867,-990.637,36.25
476.141,-1122.94,29.25
205.789,-601.582,42.375
6.99805,-793.211,44
300.067,-1356.03,31.75
591.088,-1585.41,27.125
716.973,-1450.7,31.25
841.062,-1452.94,27.75
1177.58,-1451.17,34.875
904.391,-1742.81,30.25
892.496,-1741.76,30
1225.85,-2075.44,44.125
1060.19,-2242.62,30.25
986.125,-2473.87,28.375
930.831,-2212.42,30.5
953.992,-1956.53,30.375
196.188,-1057.62,29.25
-227.234,-896.631,29.625
159.922,-458.832,41.625
52.6084,-192.993,54.375
18.3125,-91.5566,58.25
992.871,-228.879,69.375
760.114,-771.582,26.375
718.371,-1024.13,30
982.375,-938.016,42.375
1254.56,-535.441,68.875
1095.38,-419.424,67
857.496,-301.254,65.5
1005.16,-208.188,70.125
815.203,-223.566,68
1191.49,-618.305,63.125
1150.39,-524.314,64.25
1132.04,-560.51,56.875
450.859,-163.535,60.875
124.348,-451.008,41.875
185.633,-895.117,31
55.1641,-177.008,54.75
-299.668,-839.336,31.5
-398.641,-1137.49,29.5
-364.301,-860.725,31.375
-557.988,-700.023,33
-417.008,-825.625,31.25
-414.375,-1104.34,28.875
-921.09,-537.812,35.125
-751.148,-169.438,37
-274.602,-61.4062,49.25
379.852,-261.754,53.75
66.8398,-1048.79,29.25
295.203,-1140.52,29.25
481.193,-1025.98,34.625
277.25,-1032.26,29
239.766,-1260.04,29.25
162.984,-451.207,41
283.686,-462.938,43
581.906,-381.266,43.5
276.148,-133.777,67.25
0.794922,-307.016,45.625
-536.844,86.4961,58.875
-818.281,2.99609,41.625
-1066.91,-256.217,37.75
-962.734,-309.281,38.125
-1015.69,-441.109,39.5
-840.012,-282.418,39
-655.508,144.496,57.125
-885.168,-298.836,39.375
-1508.44,-447.334,35.5
-1523.9,-360.845,43.625
-1284.72,-85.7188,46
-1294.01,-43.7109,47.125
-1368.08,-39.0625,51.75
-1648.7,-21.3438,61
-1457.58,-330.287,44.5
-1305.07,-525.441,32.875
-1644.36,-433.529,38.875
-1587.41,-180.207,55.5
-1712.3,105.943,65.375
-1672.38,-375.588,48.625
-1903.52,-170.359,36.625
-1935.66,-265.377,40.25
-1814.61,-487.805,40.875
-1714.32,-380.508,46.875
-1445.86,-47.3398,52.5
-1440.3,-446.102,35.375
-649.076,-394.438,34.75
-462.461,-359.719,33.875
-356.148,-373.953,30.625
-387.148,-194.23,36.5
-428.584,-291.785,35.625
-1009.74,125,53.125
-1280.18,-87.6016,45.75
-1315.51,-39.5117,48.5
-1498.68,-279.008,49.875
-1673.77,-470.262,38.375
-1793.66,-287.167,42.875
-1501.69,-420.922,37.5
-1253.78,-479.226,33.25
-1673.77,-470.262,38.375
-1727.11,-544.414,37.125
-1746.73,-329.772,46.125
-1368.77,-534.922,30
-862.441,-190.387,37.5
-815.207,0.792969,41.125
149.391,-381.214,41.875
311.369,-963.273,29.25
196.188,-1057.62,29.25
246.457,-1028.23,29.125
66.5586,-1641.8,29.125
192.797,-842.617,30.875
-85.1797,-913.926,29.25
142.141,-957.65,29.625
127.27,-448.503,41.5
95.3125,-324.305,45.875
-307.008,-44.168,48.25
-588.004,-356.336,35
-1187.05,-355.708,36.75
-662.234,37.7969,39.5
-1098.67,249.984,63.625
-1101.81,250.781,63.625
-1092.61,204.676,61.5
-1413.22,137.352,53.75
-1237.45,392.273,75.625
-1315.29,197.818,58.5
-1388.17,-80.8457,52.5
-756.672,75.625,54.625
-934.756,-112.004,37.75
-303.008,-149.13,41.875
-396.383,-234.273,36
-601.367,-159.602,38
-149.602,-414.605,33.75
-239.27,104.23,69.375
-76.7676,-52.7539,60.875
241.781,-1253.94,29.25
36.9922,-703.516,44
192.156,-893.805,31
184.621,-857.383,31
-1.16797,-777.838,31.75
120.017,-609.141,45
-16.0039,-451.512,40.25
-15.9531,39.1953,71.75
89.9961,-285.719,46.375
189.992,-302.406,44.625
344.921,-336.086,48.875
389.328,-298.418,52.375
